#nodeId VoltageV totalTxS totalRxS totalStandbyS totalSleepS txCurrentA rxCurrentA standbyCurrentA sleepCurrentA txConsumedEnergy rxConsumedEnergy standbyConsumedEnergy sleepConsumedEnergy totalConsumedEnergy initialEnergyJ remainingEnergyJ SF 
0 3.7 1.31891 0 0.02 1801.99 0.0435 0.0112 0.0014 1.5e-06 0.212279 0 0.0001036 0.010001 0.222384 5.5 5.26765 12 
1 3.7 1.31891 0 0.02 1801.99 0.0435 0.0112 0.0014 1.5e-06 0.212279 0 0.0001036 0.010001 0.222384 5.5 5.26765 12 
2 3.7 1.31891 0 0.02 1801.99 0.0435 0.0112 0.0014 1.5e-06 0.212279 0 0.0001036 0.010001 0.222384 5.5 5.26765 12 
3 3.7 1.31891 0 0.02 1801.99 0.0435 0.0112 0.0014 1.5e-06 0.212279 0 0.0001036 0.010001 0.222384 5.5 5.26765 12 
4 3.7 1.31891 0 0.02 1801.99 0.0435 0.0112 0.0014 1.5e-06 0.212279 0 0.0001036 0.010001 0.222384 5.5 5.26765 12 
5 3.7 1.31891 0 0.02 1801.99 0.0435 0.0112 0.0014 1.5e-06 0.212279 0 0.0001036 0.010001 0.222384 5.5 5.26765 12 
6 3.7 1.31891 0 0.02 1801.99 0.0435 0.0112 0.0014 1.5e-06 0.212279 0 0.0001036 0.010001 0.222384 5.5 5.26765 12 
7 3.7 1.31891 0 0.02 1801.99 0.0435 0.0112 0.0014 1.5e-06 0.212279 0 0.0001036 0.010001 0.222384 5.5 5.26765 12 
8 3.7 0.659456 0 0.02 1801.99 0.0435 0.0112 0.0014 1.5e-06 0.106139 0 0.0001036 0.010001 0.116244 5.5 5.37378 11 
9 3.7 1.31891 0 0.02 1801.99 0.0435 0.0112 0.0014 1.5e-06 0.212279 0 0.0001036 0.010001 0.222384 5.5 5.26765 12 
10 3.7 1.31891 0 0.02 1801.99 0.0435 0.0112 0.0014 1.5e-06 0.212279 0 0.0001036 0.010001 0.222384 5.5 5.26765 12 
11 3.7 1.31891 0 0.02 1801.99 0.0435 0.0112 0.0014 1.5e-06 0.212279 0 0.0001036 0.010001 0.222384 5.5 5.26765 12 
12 3.7 1.31891 0 0.02 1801.99 0.0435 0.0112 0.0014 1.5e-06 0.212279 0 0.0001036 0.010001 0.222384 5.5 5.26765 12 
13 3.7 1.31891 0 0.02 1801.99 0.0435 0.0112 0.0014 1.5e-06 0.212279 0 0.0001036 0.010001 0.222384 5.5 5.26765 12 
14 3.7 1.31891 0 0.02 1801.99 0.0435 0.0112 0.0014 1.5e-06 0.212279 0 0.0001036 0.010001 0.222384 5.5 5.26765 12 
15 3.7 1.31891 0 0.02 1801.99 0.0435 0.0112 0.0014 1.5e-06 0.212279 0 0.0001036 0.010001 0.222384 5.5 5.26765 12 
16 3.7 1.31891 0 0.02 1801.99 0.0435 0.0112 0.0014 1.5e-06 0.212279 0 0.0001036 0.010001 0.222384 5.5 5.26765 12 
17 3.7 1.31891 0 0.02 1801.99 0.0435 0.0112 0.0014 1.5e-06 0.212279 0 0.0001036 0.010001 0.222384 5.5 5.26765 12 
18 3.7 0.329728 0 0.02 1801.99 0.0435 0.0112 0.0014 1.5e-06 0.0530697 0 0.0001036 0.010001 0.0631744 5.5 5.42685 10 
19 3.7 1.31891 0 0.02 1801.99 0.0435 0.0112 0.0014 1.5e-06 0.212279 0 0.0001036 0.010001 0.222384 5.5 5.26765 12 
20 3.7 1.31891 0 0.02 1801.99 0.0435 0.0112 0.0014 1.5e-06 0.212279 0 0.0001036 0.010001 0.222384 5.5 5.26765 12 
21 3.7 0.185344 0 0.02 1801.99 0.0435 0.0112 0.0014 1.5e-06 0.0298311 0 0.0001036 0.010001 0.0399358 5.5 5.45009 9 
22 3.7 1.31891 0 0.02 1801.99 0.0435 0.0112 0.0014 1.5e-06 0.212279 0 0.0001036 0.010001 0.222384 5.5 5.26765 12 
23 3.7 1.31891 0 0.02 1801.99 0.0435 0.0112 0.0014 1.5e-06 0.212279 0 0.0001036 0.010001 0.222384 5.5 5.26765 12 
24 3.7 1.31891 0 0.02 1801.99 0.0435 0.0112 0.0014 1.5e-06 0.212279 0 0.0001036 0.010001 0.222384 5.5 5.26765 12 
25 3.7 1.31891 0 0.02 1801.99 0.0435 0.0112 0.0014 1.5e-06 0.212279 0 0.0001036 0.010001 0.222384 5.5 5.26765 12 
26 3.7 1.31891 0 0.02 1801.99 0.0435 0.0112 0.0014 1.5e-06 0.212279 0 0.0001036 0.010001 0.222384 5.5 5.26765 12 
27 3.7 0.051456 0 0.02 1801.99 0.0435 0.0112 0.0014 1.5e-06 0.00828184 0 0.0001036 0.010001 0.0183865 5.5 5.47164 7 
28 3.7 1.31891 0 0.02 1801.99 0.0435 0.0112 0.0014 1.5e-06 0.212279 0 0.0001036 0.010001 0.222384 5.5 5.26765 12 
29 3.7 0.051456 0 0.02 1801.99 0.0435 0.0112 0.0014 1.5e-06 0.00828184 0 0.0001036 0.010001 0.0183865 5.5 5.47164 7 
30 3.7 1.31891 0 0.02 1801.99 0.0435 0.0112 0.0014 1.5e-06 0.212279 0 0.0001036 0.010001 0.222384 5.5 5.26765 12 
31 3.7 0.051456 0 0.02 1801.99 0.0435 0.0112 0.0014 1.5e-06 0.00828184 0 0.0001036 0.010001 0.0183865 5.5 5.47164 7 
32 3.7 1.31891 0 0.02 1801.99 0.0435 0.0112 0.0014 1.5e-06 0.212279 0 0.0001036 0.010001 0.222384 5.5 5.26765 12 
33 3.7 1.31891 0 0.02 1801.99 0.0435 0.0112 0.0014 1.5e-06 0.212279 0 0.0001036 0.010001 0.222384 5.5 5.26765 12 
34 3.7 1.31891 0 0.02 1801.99 0.0435 0.0112 0.0014 1.5e-06 0.212279 0 0.0001036 0.010001 0.222384 5.5 5.26765 12 
35 3.7 1.31891 0 0.02 1801.99 0.0435 0.0112 0.0014 1.5e-06 0.212279 0 0.0001036 0.010001 0.222384 5.5 5.26765 12 
36 3.7 1.31891 0 0.02 1801.99 0.0435 0.0112 0.0014 1.5e-06 0.212279 0 0.0001036 0.010001 0.222384 5.5 5.26765 12 
37 3.7 1.31891 0 0.02 1801.99 0.0435 0.0112 0.0014 1.5e-06 0.212279 0 0.0001036 0.010001 0.222384 5.5 5.26765 12 
38 3.7 1.31891 0 0.02 1801.99 0.0435 0.0112 0.0014 1.5e-06 0.212279 0 0.0001036 0.010001 0.222384 5.5 5.26765 12 
39 3.7 1.31891 0 0.02 1801.99 0.0435 0.0112 0.0014 1.5e-06 0.212279 0 0.0001036 0.010001 0.222384 5.5 5.26765 12 
40 3.7 1.31891 0 0.02 1801.99 0.0435 0.0112 0.0014 1.5e-06 0.212279 0 0.0001036 0.010001 0.222384 5.5 5.26765 12 
41 3.7 1.31891 0 0.02 1801.99 0.0435 0.0112 0.0014 1.5e-06 0.212279 0 0.0001036 0.010001 0.222384 5.5 5.26765 12 
42 3.7 0.051456 0 0.02 1801.99 0.0435 0.0112 0.0014 1.5e-06 0.00828184 0 0.0001036 0.010001 0.0183865 5.5 5.47164 7 
43 3.7 1.31891 0 0.02 1801.99 0.0435 0.0112 0.0014 1.5e-06 0.212279 0 0.0001036 0.010001 0.222384 5.5 5.26765 12 
44 3.7 1.31891 0 0.02 1801.99 0.0435 0.0112 0.0014 1.5e-06 0.212279 0 0.0001036 0.010001 0.222384 5.5 5.26765 12 
45 3.7 1.31891 0 0.02 1801.99 0.0435 0.0112 0.0014 1.5e-06 0.212279 0 0.0001036 0.010001 0.222384 5.5 5.26765 12 
46 3.7 1.31891 0 0.02 1801.99 0.0435 0.0112 0.0014 1.5e-06 0.212279 0 0.0001036 0.010001 0.222384 5.5 5.26765 12 
47 3.7 1.31891 0 0.02 1801.99 0.0435 0.0112 0.0014 1.5e-06 0.212279 0 0.0001036 0.010001 0.222384 5.5 5.26765 12 
48 3.7 0.051456 0 0.02 1801.99 0.0435 0.0112 0.0014 1.5e-06 0.00828184 0 0.0001036 0.010001 0.0183865 5.5 5.47164 7 
49 3.7 1.31891 0 0.02 1801.99 0.0435 0.0112 0.0014 1.5e-06 0.212279 0 0.0001036 0.010001 0.222384 5.5 5.26765 12 
50 3.7 1.31891 0 0.02 1801.99 0.0435 0.0112 0.0014 1.5e-06 0.212279 0 0.0001036 0.010001 0.222384 5.5 5.26765 12 
51 3.7 1.31891 0 0.02 1801.99 0.0435 0.0112 0.0014 1.5e-06 0.212279 0 0.0001036 0.010001 0.222384 5.5 5.26765 12 
52 3.7 1.31891 0 0.02 1801.99 0.0435 0.0112 0.0014 1.5e-06 0.212279 0 0.0001036 0.010001 0.222384 5.5 5.26765 12 
53 3.7 1.31891 0 0.02 1801.99 0.0435 0.0112 0.0014 1.5e-06 0.212279 0 0.0001036 0.010001 0.222384 5.5 5.26765 12 
54 3.7 1.31891 0 0.02 1801.99 0.0435 0.0112 0.0014 1.5e-06 0.212279 0 0.0001036 0.010001 0.222384 5.5 5.26765 12 
55 3.7 1.31891 0 0.02 1801.99 0.0435 0.0112 0.0014 1.5e-06 0.212279 0 0.0001036 0.010001 0.222384 5.5 5.26765 12 
56 3.7 1.31891 0 0.02 1801.99 0.0435 0.0112 0.0014 1.5e-06 0.212279 0 0.0001036 0.010001 0.222384 5.5 5.26765 12 
57 3.7 1.31891 0 0.02 1801.99 0.0435 0.0112 0.0014 1.5e-06 0.212279 0 0.0001036 0.010001 0.222384 5.5 5.26765 12 
58 3.7 1.31891 0 0.02 1801.99 0.0435 0.0112 0.0014 1.5e-06 0.212279 0 0.0001036 0.010001 0.222384 5.5 5.26765 12 
59 3.7 1.31891 0 0.02 1801.99 0.0435 0.0112 0.0014 1.5e-06 0.212279 0 0.0001036 0.010001 0.222384 5.5 5.26765 12 
60 3.7 0.659456 0 0.02 1801.99 0.0435 0.0112 0.0014 1.5e-06 0.106139 0 0.0001036 0.010001 0.116244 5.5 5.37378 11 
61 3.7 1.31891 0 0.02 1801.99 0.0435 0.0112 0.0014 1.5e-06 0.212279 0 0.0001036 0.010001 0.222384 5.5 5.26765 12 
62 3.7 1.31891 0 0.02 1801.99 0.0435 0.0112 0.0014 1.5e-06 0.212279 0 0.0001036 0.010001 0.222384 5.5 5.26765 12 
63 3.7 1.31891 0 0.02 1801.99 0.0435 0.0112 0.0014 1.5e-06 0.212279 0 0.0001036 0.010001 0.222384 5.5 5.26765 12 
64 3.7 1.31891 0 0.02 1801.99 0.0435 0.0112 0.0014 1.5e-06 0.212279 0 0.0001036 0.010001 0.222384 5.5 5.26765 12 
65 3.7 0.185344 0 0.02 1801.99 0.0435 0.0112 0.0014 1.5e-06 0.0298311 0 0.0001036 0.010001 0.0399358 5.5 5.45009 9 
66 3.7 1.31891 0 0.02 1801.99 0.0435 0.0112 0.0014 1.5e-06 0.212279 0 0.0001036 0.010001 0.222384 5.5 5.26765 12 
67 3.7 1.31891 0 0.02 1801.99 0.0435 0.0112 0.0014 1.5e-06 0.212279 0 0.0001036 0.010001 0.222384 5.5 5.26765 12 
68 3.7 1.31891 0 0.02 1801.99 0.0435 0.0112 0.0014 1.5e-06 0.212279 0 0.0001036 0.010001 0.222384 5.5 5.26765 12 
69 3.7 1.31891 0 0.02 1801.99 0.0435 0.0112 0.0014 1.5e-06 0.212279 0 0.0001036 0.010001 0.222384 5.5 5.26765 12 
70 3.7 1.31891 0 0.02 1801.99 0.0435 0.0112 0.0014 1.5e-06 0.212279 0 0.0001036 0.010001 0.222384 5.5 5.26765 12 
71 3.7 1.31891 0 0.02 1801.99 0.0435 0.0112 0.0014 1.5e-06 0.212279 0 0.0001036 0.010001 0.222384 5.5 5.26765 12 
72 3.7 0.051456 0 0.02 1801.99 0.0435 0.0112 0.0014 1.5e-06 0.00828184 0 0.0001036 0.010001 0.0183865 5.5 5.47164 7 
73 3.7 0.051456 0 0.02 1801.99 0.0435 0.0112 0.0014 1.5e-06 0.00828184 0 0.0001036 0.010001 0.0183865 5.5 5.47164 7 
74 3.7 1.31891 0 0.02 1801.99 0.0435 0.0112 0.0014 1.5e-06 0.212279 0 0.0001036 0.010001 0.222384 5.5 5.26765 12 
75 3.7 1.31891 0 0.02 1801.99 0.0435 0.0112 0.0014 1.5e-06 0.212279 0 0.0001036 0.010001 0.222384 5.5 5.26765 12 
76 3.7 1.31891 0 0.02 1801.99 0.0435 0.0112 0.0014 1.5e-06 0.212279 0 0.0001036 0.010001 0.222384 5.5 5.26765 12 
77 3.7 1.31891 0 0.02 1801.99 0.0435 0.0112 0.0014 1.5e-06 0.212279 0 0.0001036 0.010001 0.222384 5.5 5.26765 12 
78 3.7 0.051456 0 0.02 1801.99 0.0435 0.0112 0.0014 1.5e-06 0.00828184 0 0.0001036 0.010001 0.0183865 5.5 5.47164 7 
79 3.7 0.329728 0 0.02 1801.99 0.0435 0.0112 0.0014 1.5e-06 0.0530697 0 0.0001036 0.010001 0.0631744 5.5 5.42685 10 
80 3.7 1.31891 0 0.02 1801.99 0.0435 0.0112 0.0014 1.5e-06 0.212279 0 0.0001036 0.010001 0.222384 5.5 5.26765 12 
81 3.7 1.31891 0 0.02 1801.99 0.0435 0.0112 0.0014 1.5e-06 0.212279 0 0.0001036 0.010001 0.222384 5.5 5.26765 12 
82 3.7 1.31891 0 0.02 1801.99 0.0435 0.0112 0.0014 1.5e-06 0.212279 0 0.0001036 0.010001 0.222384 5.5 5.26765 12 
83 3.7 0.051456 0 0.02 1801.99 0.0435 0.0112 0.0014 1.5e-06 0.00828184 0 0.0001036 0.010001 0.0183865 5.5 5.47164 7 
84 3.7 1.31891 0 0.02 1801.99 0.0435 0.0112 0.0014 1.5e-06 0.212279 0 0.0001036 0.010001 0.222384 5.5 5.26765 12 
85 3.7 1.31891 0 0.02 1801.99 0.0435 0.0112 0.0014 1.5e-06 0.212279 0 0.0001036 0.010001 0.222384 5.5 5.26765 12 
86 3.7 1.31891 0 0.02 1801.99 0.0435 0.0112 0.0014 1.5e-06 0.212279 0 0.0001036 0.010001 0.222384 5.5 5.26765 12 
87 3.7 1.31891 0 0.02 1801.99 0.0435 0.0112 0.0014 1.5e-06 0.212279 0 0.0001036 0.010001 0.222384 5.5 5.26765 12 
88 3.7 1.31891 0 0.02 1801.99 0.0435 0.0112 0.0014 1.5e-06 0.212279 0 0.0001036 0.010001 0.222384 5.5 5.26765 12 
89 3.7 1.31891 0 0.02 1801.99 0.0435 0.0112 0.0014 1.5e-06 0.212279 0 0.0001036 0.010001 0.222384 5.5 5.26765 12 
90 3.7 1.31891 0 0.02 1801.99 0.0435 0.0112 0.0014 1.5e-06 0.212279 0 0.0001036 0.010001 0.222384 5.5 5.26765 12 
91 3.7 1.31891 0 0.02 1801.99 0.0435 0.0112 0.0014 1.5e-06 0.212279 0 0.0001036 0.010001 0.222384 5.5 5.26765 12 
92 3.7 1.31891 0 0.02 1801.99 0.0435 0.0112 0.0014 1.5e-06 0.212279 0 0.0001036 0.010001 0.222384 5.5 5.26765 12 
93 3.7 0.659456 0 0.02 1801.99 0.0435 0.0112 0.0014 1.5e-06 0.106139 0 0.0001036 0.010001 0.116244 5.5 5.37378 11 
94 3.7 0.051456 0 0.02 1801.99 0.0435 0.0112 0.0014 1.5e-06 0.00828184 0 0.0001036 0.010001 0.0183865 5.5 5.47164 7 
95 3.7 1.31891 0 0.02 1801.99 0.0435 0.0112 0.0014 1.5e-06 0.212279 0 0.0001036 0.010001 0.222384 5.5 5.26765 12 
96 3.7 1.31891 0 0.02 1801.99 0.0435 0.0112 0.0014 1.5e-06 0.212279 0 0.0001036 0.010001 0.222384 5.5 5.26765 12 
97 3.7 1.31891 0 0.02 1801.99 0.0435 0.0112 0.0014 1.5e-06 0.212279 0 0.0001036 0.010001 0.222384 5.5 5.26765 12 
98 3.7 1.31891 0 0.02 1801.99 0.0435 0.0112 0.0014 1.5e-06 0.212279 0 0.0001036 0.010001 0.222384 5.5 5.26765 12 
99 3.7 1.31891 0 0.02 1801.99 0.0435 0.0112 0.0014 1.5e-06 0.212279 0 0.0001036 0.010001 0.222384 5.5 5.26765 12 
100 3.7 0.659456 0 0.02 1801.99 0.0435 0.0112 0.0014 1.5e-06 0.106139 0 0.0001036 0.010001 0.116244 5.5 5.37378 11 
101 3.7 1.31891 0 0.02 1801.99 0.0435 0.0112 0.0014 1.5e-06 0.212279 0 0.0001036 0.010001 0.222384 5.5 5.26765 12 
102 3.7 0.185344 0 0.02 1801.99 0.0435 0.0112 0.0014 1.5e-06 0.0298311 0 0.0001036 0.010001 0.0399358 5.5 5.45009 9 
103 3.7 0.051456 0 0.02 1801.99 0.0435 0.0112 0.0014 1.5e-06 0.00828184 0 0.0001036 0.010001 0.0183865 5.5 5.47164 7 
104 3.7 1.31891 0 0.02 1801.99 0.0435 0.0112 0.0014 1.5e-06 0.212279 0 0.0001036 0.010001 0.222384 5.5 5.26765 12 
105 3.7 0.659456 0 0.02 1801.99 0.0435 0.0112 0.0014 1.5e-06 0.106139 0 0.0001036 0.010001 0.116244 5.5 5.37378 11 
106 3.7 1.31891 0 0.02 1801.99 0.0435 0.0112 0.0014 1.5e-06 0.212279 0 0.0001036 0.010001 0.222384 5.5 5.26765 12 
107 3.7 1.31891 0 0.02 1801.99 0.0435 0.0112 0.0014 1.5e-06 0.212279 0 0.0001036 0.010001 0.222384 5.5 5.26765 12 
108 3.7 1.31891 0 0.02 1801.99 0.0435 0.0112 0.0014 1.5e-06 0.212279 0 0.0001036 0.010001 0.222384 5.5 5.26765 12 
109 3.7 1.31891 0 0.02 1801.99 0.0435 0.0112 0.0014 1.5e-06 0.212279 0 0.0001036 0.010001 0.222384 5.5 5.26765 12 
110 3.7 1.31891 0 0.02 1801.99 0.0435 0.0112 0.0014 1.5e-06 0.212279 0 0.0001036 0.010001 0.222384 5.5 5.26765 12 
111 3.7 1.31891 0 0.02 1801.99 0.0435 0.0112 0.0014 1.5e-06 0.212279 0 0.0001036 0.010001 0.222384 5.5 5.26765 12 
112 3.7 1.31891 0 0.02 1801.99 0.0435 0.0112 0.0014 1.5e-06 0.212279 0 0.0001036 0.010001 0.222384 5.5 5.26765 12 
113 3.7 1.31891 0 0.02 1801.99 0.0435 0.0112 0.0014 1.5e-06 0.212279 0 0.0001036 0.010001 0.222384 5.5 5.26765 12 
114 3.7 1.31891 0 0.02 1801.99 0.0435 0.0112 0.0014 1.5e-06 0.212279 0 0.0001036 0.010001 0.222384 5.5 5.26765 12 
115 3.7 1.31891 0 0.02 1801.99 0.0435 0.0112 0.0014 1.5e-06 0.212279 0 0.0001036 0.010001 0.222384 5.5 5.26765 12 
116 3.7 1.31891 0 0.02 1801.99 0.0435 0.0112 0.0014 1.5e-06 0.212279 0 0.0001036 0.010001 0.222384 5.5 5.26765 12 
117 3.7 1.31891 0 0.02 1801.99 0.0435 0.0112 0.0014 1.5e-06 0.212279 0 0.0001036 0.010001 0.222384 5.5 5.26765 12 
118 3.7 1.31891 0 0.02 1801.99 0.0435 0.0112 0.0014 1.5e-06 0.212279 0 0.0001036 0.010001 0.222384 5.5 5.26765 12 
119 3.7 1.31891 0 0.02 1801.99 0.0435 0.0112 0.0014 1.5e-06 0.212279 0 0.0001036 0.010001 0.222384 5.5 5.26765 12 
120 3.7 1.31891 0 0.02 1801.99 0.0435 0.0112 0.0014 1.5e-06 0.212279 0 0.0001036 0.010001 0.222384 5.5 5.26765 12 
121 3.7 1.31891 0 0.02 1801.99 0.0435 0.0112 0.0014 1.5e-06 0.212279 0 0.0001036 0.010001 0.222384 5.5 5.26765 12 
122 3.7 0.051456 0 0.02 1801.99 0.0435 0.0112 0.0014 1.5e-06 0.00828184 0 0.0001036 0.010001 0.0183865 5.5 5.47164 7 
123 3.7 1.31891 0 0.02 1801.99 0.0435 0.0112 0.0014 1.5e-06 0.212279 0 0.0001036 0.010001 0.222384 5.5 5.26765 12 
124 3.7 0.102912 0 0.02 1801.99 0.0435 0.0112 0.0014 1.5e-06 0.0165637 0 0.0001036 0.010001 0.0266683 5.5 5.46336 8 
125 3.7 1.31891 0 0.02 1801.99 0.0435 0.0112 0.0014 1.5e-06 0.212279 0 0.0001036 0.010001 0.222384 5.5 5.26765 12 
126 3.7 1.31891 0 0.02 1801.99 0.0435 0.0112 0.0014 1.5e-06 0.212279 0 0.0001036 0.010001 0.222384 5.5 5.26765 12 
127 3.7 1.31891 0 0.02 1801.99 0.0435 0.0112 0.0014 1.5e-06 0.212279 0 0.0001036 0.010001 0.222384 5.5 5.26765 12 
128 3.7 1.31891 0 0.02 1801.99 0.0435 0.0112 0.0014 1.5e-06 0.212279 0 0.0001036 0.010001 0.222384 5.5 5.26765 12 
129 3.7 1.31891 0 0.02 1801.99 0.0435 0.0112 0.0014 1.5e-06 0.212279 0 0.0001036 0.010001 0.222384 5.5 5.26765 12 
130 3.7 1.31891 0 0.02 1801.99 0.0435 0.0112 0.0014 1.5e-06 0.212279 0 0.0001036 0.010001 0.222384 5.5 5.26765 12 
131 3.7 0.051456 0 0.02 1801.99 0.0435 0.0112 0.0014 1.5e-06 0.00828184 0 0.0001036 0.010001 0.0183865 5.5 5.47164 7 
132 3.7 1.31891 0 0.02 1801.99 0.0435 0.0112 0.0014 1.5e-06 0.212279 0 0.0001036 0.010001 0.222384 5.5 5.26765 12 
133 3.7 1.31891 0 0.02 1801.99 0.0435 0.0112 0.0014 1.5e-06 0.212279 0 0.0001036 0.010001 0.222384 5.5 5.26765 12 
134 3.7 0.051456 0 0.02 1801.99 0.0435 0.0112 0.0014 1.5e-06 0.00828184 0 0.0001036 0.010001 0.0183865 5.5 5.47164 7 
135 3.7 1.31891 0 0.02 1801.99 0.0435 0.0112 0.0014 1.5e-06 0.212279 0 0.0001036 0.010001 0.222384 5.5 5.26765 12 
136 3.7 0.185344 0 0.02 1801.99 0.0435 0.0112 0.0014 1.5e-06 0.0298311 0 0.0001036 0.010001 0.0399358 5.5 5.45009 9 
137 3.7 0.051456 0 0.02 1801.99 0.0435 0.0112 0.0014 1.5e-06 0.00828184 0 0.0001036 0.010001 0.0183865 5.5 5.47164 7 
138 3.7 0.185344 0 0.02 1801.99 0.0435 0.0112 0.0014 1.5e-06 0.0298311 0 0.0001036 0.010001 0.0399358 5.5 5.45009 9 
139 3.7 1.31891 0 0.02 1801.99 0.0435 0.0112 0.0014 1.5e-06 0.212279 0 0.0001036 0.010001 0.222384 5.5 5.26765 12 
140 3.7 1.31891 0 0.02 1801.99 0.0435 0.0112 0.0014 1.5e-06 0.212279 0 0.0001036 0.010001 0.222384 5.5 5.26765 12 
141 3.7 1.31891 0 0.02 1801.99 0.0435 0.0112 0.0014 1.5e-06 0.212279 0 0.0001036 0.010001 0.222384 5.5 5.26765 12 
142 3.7 1.31891 0 0.02 1801.99 0.0435 0.0112 0.0014 1.5e-06 0.212279 0 0.0001036 0.010001 0.222384 5.5 5.26765 12 
143 3.7 0.051456 0 0.02 1801.99 0.0435 0.0112 0.0014 1.5e-06 0.00828184 0 0.0001036 0.010001 0.0183865 5.5 5.47164 7 
144 3.7 1.31891 0 0.02 1801.99 0.0435 0.0112 0.0014 1.5e-06 0.212279 0 0.0001036 0.010001 0.222384 5.5 5.26765 12 
145 3.7 1.31891 0 0.02 1801.99 0.0435 0.0112 0.0014 1.5e-06 0.212279 0 0.0001036 0.010001 0.222384 5.5 5.26765 12 
146 3.7 1.31891 0 0.02 1801.99 0.0435 0.0112 0.0014 1.5e-06 0.212279 0 0.0001036 0.010001 0.222384 5.5 5.26765 12 
147 3.7 1.31891 0 0.02 1801.99 0.0435 0.0112 0.0014 1.5e-06 0.212279 0 0.0001036 0.010001 0.222384 5.5 5.26765 12 
148 3.7 0.051456 0 0.02 1801.99 0.0435 0.0112 0.0014 1.5e-06 0.00828184 0 0.0001036 0.010001 0.0183865 5.5 5.47164 7 
149 3.7 1.31891 0 0.02 1801.99 0.0435 0.0112 0.0014 1.5e-06 0.212279 0 0.0001036 0.010001 0.222384 5.5 5.26765 12 
150 3.7 1.31891 0 0.02 1801.99 0.0435 0.0112 0.0014 1.5e-06 0.212279 0 0.0001036 0.010001 0.222384 5.5 5.26765 12 
151 3.7 1.31891 0 0.02 1801.99 0.0435 0.0112 0.0014 1.5e-06 0.212279 0 0.0001036 0.010001 0.222384 5.5 5.26765 12 
152 3.7 1.31891 0 0.02 1801.99 0.0435 0.0112 0.0014 1.5e-06 0.212279 0 0.0001036 0.010001 0.222384 5.5 5.26765 12 
153 3.7 1.31891 0 0.02 1801.99 0.0435 0.0112 0.0014 1.5e-06 0.212279 0 0.0001036 0.010001 0.222384 5.5 5.26765 12 
154 3.7 1.31891 0 0.02 1801.99 0.0435 0.0112 0.0014 1.5e-06 0.212279 0 0.0001036 0.010001 0.222384 5.5 5.26765 12 
155 3.7 1.31891 0 0.02 1801.99 0.0435 0.0112 0.0014 1.5e-06 0.212279 0 0.0001036 0.010001 0.222384 5.5 5.26765 12 
156 3.7 0.185344 0 0.02 1801.99 0.0435 0.0112 0.0014 1.5e-06 0.0298311 0 0.0001036 0.010001 0.0399358 5.5 5.45009 9 
157 3.7 1.31891 0 0.02 1801.99 0.0435 0.0112 0.0014 1.5e-06 0.212279 0 0.0001036 0.010001 0.222384 5.5 5.26765 12 
158 3.7 0.051456 0 0.02 1801.99 0.0435 0.0112 0.0014 1.5e-06 0.00828184 0 0.0001036 0.010001 0.0183865 5.5 5.47164 7 
159 3.7 1.31891 0 0.02 1801.99 0.0435 0.0112 0.0014 1.5e-06 0.212279 0 0.0001036 0.010001 0.222384 5.5 5.26765 12 
160 3.7 0.185344 0 0.02 1801.99 0.0435 0.0112 0.0014 1.5e-06 0.0298311 0 0.0001036 0.010001 0.0399358 5.5 5.45009 9 
161 3.7 0.051456 0 0.02 1801.99 0.0435 0.0112 0.0014 1.5e-06 0.00828184 0 0.0001036 0.010001 0.0183865 5.5 5.47164 7 
162 3.7 1.31891 0 0.02 1801.99 0.0435 0.0112 0.0014 1.5e-06 0.212279 0 0.0001036 0.010001 0.222384 5.5 5.26765 12 
163 3.7 1.31891 0 0.02 1801.99 0.0435 0.0112 0.0014 1.5e-06 0.212279 0 0.0001036 0.010001 0.222384 5.5 5.26765 12 
164 3.7 1.31891 0 0.02 1801.99 0.0435 0.0112 0.0014 1.5e-06 0.212279 0 0.0001036 0.010001 0.222384 5.5 5.26765 12 
165 3.7 1.31891 0 0.02 1801.99 0.0435 0.0112 0.0014 1.5e-06 0.212279 0 0.0001036 0.010001 0.222384 5.5 5.26765 12 
166 3.7 1.31891 0 0.02 1801.99 0.0435 0.0112 0.0014 1.5e-06 0.212279 0 0.0001036 0.010001 0.222384 5.5 5.26765 12 
167 3.7 1.31891 0 0.02 1801.99 0.0435 0.0112 0.0014 1.5e-06 0.212279 0 0.0001036 0.010001 0.222384 5.5 5.26765 12 
168 3.7 1.31891 0 0.02 1801.99 0.0435 0.0112 0.0014 1.5e-06 0.212279 0 0.0001036 0.010001 0.222384 5.5 5.26765 12 
169 3.7 1.31891 0 0.02 1801.99 0.0435 0.0112 0.0014 1.5e-06 0.212279 0 0.0001036 0.010001 0.222384 5.5 5.26765 12 
170 3.7 0.051456 0 0.02 1801.99 0.0435 0.0112 0.0014 1.5e-06 0.00828184 0 0.0001036 0.010001 0.0183865 5.5 5.47164 7 
171 3.7 1.31891 0 0.02 1801.99 0.0435 0.0112 0.0014 1.5e-06 0.212279 0 0.0001036 0.010001 0.222384 5.5 5.26765 12 
172 3.7 1.31891 0 0.02 1801.99 0.0435 0.0112 0.0014 1.5e-06 0.212279 0 0.0001036 0.010001 0.222384 5.5 5.26765 12 
173 3.7 1.31891 0 0.02 1801.99 0.0435 0.0112 0.0014 1.5e-06 0.212279 0 0.0001036 0.010001 0.222384 5.5 5.26765 12 
174 3.7 1.31891 0 0.02 1801.99 0.0435 0.0112 0.0014 1.5e-06 0.212279 0 0.0001036 0.010001 0.222384 5.5 5.26765 12 
175 3.7 1.31891 0 0.02 1801.99 0.0435 0.0112 0.0014 1.5e-06 0.212279 0 0.0001036 0.010001 0.222384 5.5 5.26765 12 
176 3.7 1.31891 0 0.02 1801.99 0.0435 0.0112 0.0014 1.5e-06 0.212279 0 0.0001036 0.010001 0.222384 5.5 5.26765 12 
177 3.7 1.31891 0 0.02 1801.99 0.0435 0.0112 0.0014 1.5e-06 0.212279 0 0.0001036 0.010001 0.222384 5.5 5.26765 12 
178 3.7 1.31891 0 0.02 1801.99 0.0435 0.0112 0.0014 1.5e-06 0.212279 0 0.0001036 0.010001 0.222384 5.5 5.26765 12 
179 3.7 0.185344 0 0.02 1801.99 0.0435 0.0112 0.0014 1.5e-06 0.0298311 0 0.0001036 0.010001 0.0399358 5.5 5.45009 9 
180 3.7 1.31891 0 0.02 1801.99 0.0435 0.0112 0.0014 1.5e-06 0.212279 0 0.0001036 0.010001 0.222384 5.5 5.26765 12 
181 3.7 1.31891 0 0.02 1801.99 0.0435 0.0112 0.0014 1.5e-06 0.212279 0 0.0001036 0.010001 0.222384 5.5 5.26765 12 
182 3.7 0.329728 0 0.02 1801.99 0.0435 0.0112 0.0014 1.5e-06 0.0530697 0 0.0001036 0.010001 0.0631744 5.5 5.42685 10 
183 3.7 1.31891 0 0.02 1801.99 0.0435 0.0112 0.0014 1.5e-06 0.212279 0 0.0001036 0.010001 0.222384 5.5 5.26765 12 
184 3.7 1.31891 0 0.02 1801.99 0.0435 0.0112 0.0014 1.5e-06 0.212279 0 0.0001036 0.010001 0.222384 5.5 5.26765 12 
185 3.7 1.31891 0 0.02 1801.99 0.0435 0.0112 0.0014 1.5e-06 0.212279 0 0.0001036 0.010001 0.222384 5.5 5.26765 12 
186 3.7 1.31891 0 0.02 1801.99 0.0435 0.0112 0.0014 1.5e-06 0.212279 0 0.0001036 0.010001 0.222384 5.5 5.26765 12 
187 3.7 1.31891 0 0.02 1801.99 0.0435 0.0112 0.0014 1.5e-06 0.212279 0 0.0001036 0.010001 0.222384 5.5 5.26765 12 
188 3.7 1.31891 0 0.02 1801.99 0.0435 0.0112 0.0014 1.5e-06 0.212279 0 0.0001036 0.010001 0.222384 5.5 5.26765 12 
189 3.7 1.31891 0 0.02 1801.99 0.0435 0.0112 0.0014 1.5e-06 0.212279 0 0.0001036 0.010001 0.222384 5.5 5.26765 12 
190 3.7 1.31891 0 0.02 1801.99 0.0435 0.0112 0.0014 1.5e-06 0.212279 0 0.0001036 0.010001 0.222384 5.5 5.26765 12 
191 3.7 1.31891 0 0.02 1801.99 0.0435 0.0112 0.0014 1.5e-06 0.212279 0 0.0001036 0.010001 0.222384 5.5 5.26765 12 
192 3.7 0.051456 0 0.02 1801.99 0.0435 0.0112 0.0014 1.5e-06 0.00828184 0 0.0001036 0.010001 0.0183865 5.5 5.47164 7 
193 3.7 1.31891 0 0.02 1801.99 0.0435 0.0112 0.0014 1.5e-06 0.212279 0 0.0001036 0.010001 0.222384 5.5 5.26765 12 
194 3.7 1.31891 0 0.02 1801.99 0.0435 0.0112 0.0014 1.5e-06 0.212279 0 0.0001036 0.010001 0.222384 5.5 5.26765 12 
195 3.7 1.31891 0 0.02 1801.99 0.0435 0.0112 0.0014 1.5e-06 0.212279 0 0.0001036 0.010001 0.222384 5.5 5.26765 12 
196 3.7 1.31891 0 0.02 1801.99 0.0435 0.0112 0.0014 1.5e-06 0.212279 0 0.0001036 0.010001 0.222384 5.5 5.26765 12 
197 3.7 1.31891 0 0.02 1801.99 0.0435 0.0112 0.0014 1.5e-06 0.212279 0 0.0001036 0.010001 0.222384 5.5 5.26765 12 
198 3.7 1.31891 0 0.02 1801.99 0.0435 0.0112 0.0014 1.5e-06 0.212279 0 0.0001036 0.010001 0.222384 5.5 5.26765 12 
199 3.7 1.31891 0 0.02 1801.99 0.0435 0.0112 0.0014 1.5e-06 0.212279 0 0.0001036 0.010001 0.222384 5.5 5.26765 12 
200 3.7 1.31891 0 0.02 1801.99 0.0435 0.0112 0.0014 1.5e-06 0.212279 0 0.0001036 0.010001 0.222384 5.5 5.26765 12 
201 3.7 1.31891 0 0.02 1801.99 0.0435 0.0112 0.0014 1.5e-06 0.212279 0 0.0001036 0.010001 0.222384 5.5 5.26765 12 
202 3.7 1.31891 0 0.02 1801.99 0.0435 0.0112 0.0014 1.5e-06 0.212279 0 0.0001036 0.010001 0.222384 5.5 5.26765 12 
203 3.7 1.31891 0 0.02 1801.99 0.0435 0.0112 0.0014 1.5e-06 0.212279 0 0.0001036 0.010001 0.222384 5.5 5.26765 12 
204 3.7 1.31891 0 0.02 1801.99 0.0435 0.0112 0.0014 1.5e-06 0.212279 0 0.0001036 0.010001 0.222384 5.5 5.26765 12 
205 3.7 1.31891 0 0.02 1801.99 0.0435 0.0112 0.0014 1.5e-06 0.212279 0 0.0001036 0.010001 0.222384 5.5 5.26765 12 
206 3.7 1.31891 0 0.02 1801.99 0.0435 0.0112 0.0014 1.5e-06 0.212279 0 0.0001036 0.010001 0.222384 5.5 5.26765 12 
207 3.7 1.31891 0 0.02 1801.99 0.0435 0.0112 0.0014 1.5e-06 0.212279 0 0.0001036 0.010001 0.222384 5.5 5.26765 12 
208 3.7 1.31891 0 0.02 1801.99 0.0435 0.0112 0.0014 1.5e-06 0.212279 0 0.0001036 0.010001 0.222384 5.5 5.26765 12 
209 3.7 1.31891 0 0.02 1801.99 0.0435 0.0112 0.0014 1.5e-06 0.212279 0 0.0001036 0.010001 0.222384 5.5 5.26765 12 
210 3.7 1.31891 0 0.02 1801.99 0.0435 0.0112 0.0014 1.5e-06 0.212279 0 0.0001036 0.010001 0.222384 5.5 5.26765 12 
211 3.7 1.31891 0 0.02 1801.99 0.0435 0.0112 0.0014 1.5e-06 0.212279 0 0.0001036 0.010001 0.222384 5.5 5.26765 12 
212 3.7 1.31891 0 0.02 1801.99 0.0435 0.0112 0.0014 1.5e-06 0.212279 0 0.0001036 0.010001 0.222384 5.5 5.26765 12 
213 3.7 0.659456 0 0.02 1801.99 0.0435 0.0112 0.0014 1.5e-06 0.106139 0 0.0001036 0.010001 0.116244 5.5 5.37378 11 
214 3.7 1.31891 0 0.02 1801.99 0.0435 0.0112 0.0014 1.5e-06 0.212279 0 0.0001036 0.010001 0.222384 5.5 5.26765 12 
215 3.7 0.051456 0 0.02 1801.99 0.0435 0.0112 0.0014 1.5e-06 0.00828184 0 0.0001036 0.010001 0.0183865 5.5 5.47164 7 
216 3.7 1.31891 0 0.02 1801.99 0.0435 0.0112 0.0014 1.5e-06 0.212279 0 0.0001036 0.010001 0.222384 5.5 5.26765 12 
217 3.7 1.31891 0 0.02 1801.99 0.0435 0.0112 0.0014 1.5e-06 0.212279 0 0.0001036 0.010001 0.222384 5.5 5.26765 12 
218 3.7 1.31891 0 0.02 1801.99 0.0435 0.0112 0.0014 1.5e-06 0.212279 0 0.0001036 0.010001 0.222384 5.5 5.26765 12 
219 3.7 1.31891 0 0.02 1801.99 0.0435 0.0112 0.0014 1.5e-06 0.212279 0 0.0001036 0.010001 0.222384 5.5 5.26765 12 
220 3.7 1.31891 0 0.02 1801.99 0.0435 0.0112 0.0014 1.5e-06 0.212279 0 0.0001036 0.010001 0.222384 5.5 5.26765 12 
221 3.7 0.051456 0 0.02 1801.99 0.0435 0.0112 0.0014 1.5e-06 0.00828184 0 0.0001036 0.010001 0.0183865 5.5 5.47164 7 
222 3.7 1.31891 0 0.02 1801.99 0.0435 0.0112 0.0014 1.5e-06 0.212279 0 0.0001036 0.010001 0.222384 5.5 5.26765 12 
223 3.7 1.31891 0 0.02 1801.99 0.0435 0.0112 0.0014 1.5e-06 0.212279 0 0.0001036 0.010001 0.222384 5.5 5.26765 12 
224 3.7 1.31891 0 0.02 1801.99 0.0435 0.0112 0.0014 1.5e-06 0.212279 0 0.0001036 0.010001 0.222384 5.5 5.26765 12 
225 3.7 1.31891 0 0.02 1801.99 0.0435 0.0112 0.0014 1.5e-06 0.212279 0 0.0001036 0.010001 0.222384 5.5 5.26765 12 
226 3.7 0.185344 0 0.02 1801.99 0.0435 0.0112 0.0014 1.5e-06 0.0298311 0 0.0001036 0.010001 0.0399358 5.5 5.45009 9 
227 3.7 1.31891 0 0.02 1801.99 0.0435 0.0112 0.0014 1.5e-06 0.212279 0 0.0001036 0.010001 0.222384 5.5 5.26765 12 
228 3.7 0.051456 0 0.02 1801.99 0.0435 0.0112 0.0014 1.5e-06 0.00828184 0 0.0001036 0.010001 0.0183865 5.5 5.47164 7 
229 3.7 1.31891 0 0.02 1801.99 0.0435 0.0112 0.0014 1.5e-06 0.212279 0 0.0001036 0.010001 0.222384 5.5 5.26765 12 
230 3.7 0.329728 0 0.02 1801.99 0.0435 0.0112 0.0014 1.5e-06 0.0530697 0 0.0001036 0.010001 0.0631744 5.5 5.42685 10 
231 3.7 0.051456 0 0.02 1801.99 0.0435 0.0112 0.0014 1.5e-06 0.00828184 0 0.0001036 0.010001 0.0183865 5.5 5.47164 7 
232 3.7 1.31891 0 0.02 1801.99 0.0435 0.0112 0.0014 1.5e-06 0.212279 0 0.0001036 0.010001 0.222384 5.5 5.26765 12 
233 3.7 1.31891 0 0.02 1801.99 0.0435 0.0112 0.0014 1.5e-06 0.212279 0 0.0001036 0.010001 0.222384 5.5 5.26765 12 
234 3.7 0.051456 0 0.02 1801.99 0.0435 0.0112 0.0014 1.5e-06 0.00828184 0 0.0001036 0.010001 0.0183865 5.5 5.47164 7 
235 3.7 0.102912 0 0.02 1801.99 0.0435 0.0112 0.0014 1.5e-06 0.0165637 0 0.0001036 0.010001 0.0266683 5.5 5.46336 8 
236 3.7 1.31891 0 0.02 1801.99 0.0435 0.0112 0.0014 1.5e-06 0.212279 0 0.0001036 0.010001 0.222384 5.5 5.26765 12 
237 3.7 0.102912 0 0.02 1801.99 0.0435 0.0112 0.0014 1.5e-06 0.0165637 0 0.0001036 0.010001 0.0266683 5.5 5.46336 8 
238 3.7 1.31891 0 0.02 1801.99 0.0435 0.0112 0.0014 1.5e-06 0.212279 0 0.0001036 0.010001 0.222384 5.5 5.26765 12 
239 3.7 1.31891 0 0.02 1801.99 0.0435 0.0112 0.0014 1.5e-06 0.212279 0 0.0001036 0.010001 0.222384 5.5 5.26765 12 
240 3.7 1.31891 0 0.02 1801.99 0.0435 0.0112 0.0014 1.5e-06 0.212279 0 0.0001036 0.010001 0.222384 5.5 5.26765 12 
241 3.7 1.31891 0 0.02 1801.99 0.0435 0.0112 0.0014 1.5e-06 0.212279 0 0.0001036 0.010001 0.222384 5.5 5.26765 12 
242 3.7 0.051456 0 0.02 1801.99 0.0435 0.0112 0.0014 1.5e-06 0.00828184 0 0.0001036 0.010001 0.0183865 5.5 5.47164 7 
243 3.7 1.31891 0 0.02 1801.99 0.0435 0.0112 0.0014 1.5e-06 0.212279 0 0.0001036 0.010001 0.222384 5.5 5.26765 12 
244 3.7 1.31891 0 0.02 1801.99 0.0435 0.0112 0.0014 1.5e-06 0.212279 0 0.0001036 0.010001 0.222384 5.5 5.26765 12 
245 3.7 1.31891 0 0.02 1801.99 0.0435 0.0112 0.0014 1.5e-06 0.212279 0 0.0001036 0.010001 0.222384 5.5 5.26765 12 
246 3.7 1.31891 0 0.02 1801.99 0.0435 0.0112 0.0014 1.5e-06 0.212279 0 0.0001036 0.010001 0.222384 5.5 5.26765 12 
247 3.7 1.31891 0 0.02 1801.99 0.0435 0.0112 0.0014 1.5e-06 0.212279 0 0.0001036 0.010001 0.222384 5.5 5.26765 12 
248 3.7 1.31891 0 0.02 1801.99 0.0435 0.0112 0.0014 1.5e-06 0.212279 0 0.0001036 0.010001 0.222384 5.5 5.26765 12 
249 3.7 1.31891 0 0.02 1801.99 0.0435 0.0112 0.0014 1.5e-06 0.212279 0 0.0001036 0.010001 0.222384 5.5 5.26765 12 
250 3.7 1.31891 0 0.02 1801.99 0.0435 0.0112 0.0014 1.5e-06 0.212279 0 0.0001036 0.010001 0.222384 5.5 5.26765 12 
251 3.7 0.185344 0 0.02 1801.99 0.0435 0.0112 0.0014 1.5e-06 0.0298311 0 0.0001036 0.010001 0.0399358 5.5 5.45009 9 
252 3.7 0.051456 0 0.02 1801.99 0.0435 0.0112 0.0014 1.5e-06 0.00828184 0 0.0001036 0.010001 0.0183865 5.5 5.47164 7 
253 3.7 1.31891 0 0.02 1801.99 0.0435 0.0112 0.0014 1.5e-06 0.212279 0 0.0001036 0.010001 0.222384 5.5 5.26765 12 
254 3.7 1.31891 0 0.02 1801.99 0.0435 0.0112 0.0014 1.5e-06 0.212279 0 0.0001036 0.010001 0.222384 5.5 5.26765 12 
255 3.7 1.31891 0 0.02 1801.99 0.0435 0.0112 0.0014 1.5e-06 0.212279 0 0.0001036 0.010001 0.222384 5.5 5.26765 12 
256 3.7 1.31891 0 0.02 1801.99 0.0435 0.0112 0.0014 1.5e-06 0.212279 0 0.0001036 0.010001 0.222384 5.5 5.26765 12 
257 3.7 0.051456 0 0.02 1801.99 0.0435 0.0112 0.0014 1.5e-06 0.00828184 0 0.0001036 0.010001 0.0183865 5.5 5.47164 7 
258 3.7 1.31891 0 0.02 1801.99 0.0435 0.0112 0.0014 1.5e-06 0.212279 0 0.0001036 0.010001 0.222384 5.5 5.26765 12 
259 3.7 0.051456 0 0.02 1801.99 0.0435 0.0112 0.0014 1.5e-06 0.00828184 0 0.0001036 0.010001 0.0183865 5.5 5.47164 7 
260 3.7 1.31891 0 0.02 1801.99 0.0435 0.0112 0.0014 1.5e-06 0.212279 0 0.0001036 0.010001 0.222384 5.5 5.26765 12 
261 3.7 1.31891 0 0.02 1801.99 0.0435 0.0112 0.0014 1.5e-06 0.212279 0 0.0001036 0.010001 0.222384 5.5 5.26765 12 
262 3.7 1.31891 0 0.02 1801.99 0.0435 0.0112 0.0014 1.5e-06 0.212279 0 0.0001036 0.010001 0.222384 5.5 5.26765 12 
263 3.7 1.31891 0 0.02 1801.99 0.0435 0.0112 0.0014 1.5e-06 0.212279 0 0.0001036 0.010001 0.222384 5.5 5.26765 12 
264 3.7 0.051456 0 0.02 1801.99 0.0435 0.0112 0.0014 1.5e-06 0.00828184 0 0.0001036 0.010001 0.0183865 5.5 5.47164 7 
265 3.7 0.051456 0 0.02 1801.99 0.0435 0.0112 0.0014 1.5e-06 0.00828184 0 0.0001036 0.010001 0.0183865 5.5 5.47164 7 
266 3.7 1.31891 0 0.02 1801.99 0.0435 0.0112 0.0014 1.5e-06 0.212279 0 0.0001036 0.010001 0.222384 5.5 5.26765 12 
267 3.7 1.31891 0 0.02 1801.99 0.0435 0.0112 0.0014 1.5e-06 0.212279 0 0.0001036 0.010001 0.222384 5.5 5.26765 12 
268 3.7 0.051456 0 0.02 1801.99 0.0435 0.0112 0.0014 1.5e-06 0.00828184 0 0.0001036 0.010001 0.0183865 5.5 5.47164 7 
269 3.7 0.659456 0 0.02 1801.99 0.0435 0.0112 0.0014 1.5e-06 0.106139 0 0.0001036 0.010001 0.116244 5.5 5.37378 11 
270 3.7 1.31891 0 0.02 1801.99 0.0435 0.0112 0.0014 1.5e-06 0.212279 0 0.0001036 0.010001 0.222384 5.5 5.26765 12 
271 3.7 1.31891 0 0.02 1801.99 0.0435 0.0112 0.0014 1.5e-06 0.212279 0 0.0001036 0.010001 0.222384 5.5 5.26765 12 
272 3.7 1.31891 0 0.02 1801.99 0.0435 0.0112 0.0014 1.5e-06 0.212279 0 0.0001036 0.010001 0.222384 5.5 5.26765 12 
273 3.7 0.051456 0 0.02 1801.99 0.0435 0.0112 0.0014 1.5e-06 0.00828184 0 0.0001036 0.010001 0.0183865 5.5 5.47164 7 
274 3.7 1.31891 0 0.02 1801.99 0.0435 0.0112 0.0014 1.5e-06 0.212279 0 0.0001036 0.010001 0.222384 5.5 5.26765 12 
275 3.7 1.31891 0 0.02 1801.99 0.0435 0.0112 0.0014 1.5e-06 0.212279 0 0.0001036 0.010001 0.222384 5.5 5.26765 12 
276 3.7 1.31891 0 0.02 1801.99 0.0435 0.0112 0.0014 1.5e-06 0.212279 0 0.0001036 0.010001 0.222384 5.5 5.26765 12 
277 3.7 1.31891 0 0.02 1801.99 0.0435 0.0112 0.0014 1.5e-06 0.212279 0 0.0001036 0.010001 0.222384 5.5 5.26765 12 
278 3.7 1.31891 0 0.02 1801.99 0.0435 0.0112 0.0014 1.5e-06 0.212279 0 0.0001036 0.010001 0.222384 5.5 5.26765 12 
279 3.7 1.31891 0 0.02 1801.99 0.0435 0.0112 0.0014 1.5e-06 0.212279 0 0.0001036 0.010001 0.222384 5.5 5.26765 12 
280 3.7 1.31891 0 0.02 1801.99 0.0435 0.0112 0.0014 1.5e-06 0.212279 0 0.0001036 0.010001 0.222384 5.5 5.26765 12 
281 3.7 1.31891 0 0.02 1801.99 0.0435 0.0112 0.0014 1.5e-06 0.212279 0 0.0001036 0.010001 0.222384 5.5 5.26765 12 
282 3.7 1.31891 0 0.02 1801.99 0.0435 0.0112 0.0014 1.5e-06 0.212279 0 0.0001036 0.010001 0.222384 5.5 5.26765 12 
283 3.7 1.31891 0 0.02 1801.99 0.0435 0.0112 0.0014 1.5e-06 0.212279 0 0.0001036 0.010001 0.222384 5.5 5.26765 12 
284 3.7 1.31891 0 0.02 1801.99 0.0435 0.0112 0.0014 1.5e-06 0.212279 0 0.0001036 0.010001 0.222384 5.5 5.26765 12 
285 3.7 1.31891 0 0.02 1801.99 0.0435 0.0112 0.0014 1.5e-06 0.212279 0 0.0001036 0.010001 0.222384 5.5 5.26765 12 
286 3.7 1.31891 0 0.02 1801.99 0.0435 0.0112 0.0014 1.5e-06 0.212279 0 0.0001036 0.010001 0.222384 5.5 5.26765 12 
287 3.7 1.31891 0 0.02 1801.99 0.0435 0.0112 0.0014 1.5e-06 0.212279 0 0.0001036 0.010001 0.222384 5.5 5.26765 12 
288 3.7 1.31891 0 0.02 1801.99 0.0435 0.0112 0.0014 1.5e-06 0.212279 0 0.0001036 0.010001 0.222384 5.5 5.26765 12 
289 3.7 1.31891 0 0.02 1801.99 0.0435 0.0112 0.0014 1.5e-06 0.212279 0 0.0001036 0.010001 0.222384 5.5 5.26765 12 
290 3.7 1.31891 0 0.02 1801.99 0.0435 0.0112 0.0014 1.5e-06 0.212279 0 0.0001036 0.010001 0.222384 5.5 5.26765 12 
291 3.7 1.31891 0 0.02 1801.99 0.0435 0.0112 0.0014 1.5e-06 0.212279 0 0.0001036 0.010001 0.222384 5.5 5.26765 12 
292 3.7 1.31891 0 0.02 1801.99 0.0435 0.0112 0.0014 1.5e-06 0.212279 0 0.0001036 0.010001 0.222384 5.5 5.26765 12 
293 3.7 1.31891 0 0.02 1801.99 0.0435 0.0112 0.0014 1.5e-06 0.212279 0 0.0001036 0.010001 0.222384 5.5 5.26765 12 
294 3.7 1.31891 0 0.02 1801.99 0.0435 0.0112 0.0014 1.5e-06 0.212279 0 0.0001036 0.010001 0.222384 5.5 5.26765 12 
295 3.7 1.31891 0 0.02 1801.99 0.0435 0.0112 0.0014 1.5e-06 0.212279 0 0.0001036 0.010001 0.222384 5.5 5.26765 12 
296 3.7 1.31891 0 0.02 1801.99 0.0435 0.0112 0.0014 1.5e-06 0.212279 0 0.0001036 0.010001 0.222384 5.5 5.26765 12 
297 3.7 1.31891 0 0.02 1801.99 0.0435 0.0112 0.0014 1.5e-06 0.212279 0 0.0001036 0.010001 0.222384 5.5 5.26765 12 
298 3.7 1.31891 0 0.02 1801.99 0.0435 0.0112 0.0014 1.5e-06 0.212279 0 0.0001036 0.010001 0.222384 5.5 5.26765 12 
299 3.7 1.31891 0 0.02 1801.99 0.0435 0.0112 0.0014 1.5e-06 0.212279 0 0.0001036 0.010001 0.222384 5.5 5.26765 12 
300 3.7 1.31891 0 0.02 1801.99 0.0435 0.0112 0.0014 1.5e-06 0.212279 0 0.0001036 0.010001 0.222384 5.5 5.26765 12 
301 3.7 0.185344 0 0.02 1801.99 0.0435 0.0112 0.0014 1.5e-06 0.0298311 0 0.0001036 0.010001 0.0399358 5.5 5.45009 9 
302 3.7 1.31891 0 0.02 1801.99 0.0435 0.0112 0.0014 1.5e-06 0.212279 0 0.0001036 0.010001 0.222384 5.5 5.26765 12 
303 3.7 1.31891 0 0.02 1801.99 0.0435 0.0112 0.0014 1.5e-06 0.212279 0 0.0001036 0.010001 0.222384 5.5 5.26765 12 
304 3.7 1.31891 0 0.02 1801.99 0.0435 0.0112 0.0014 1.5e-06 0.212279 0 0.0001036 0.010001 0.222384 5.5 5.26765 12 
305 3.7 1.31891 0 0.02 1801.99 0.0435 0.0112 0.0014 1.5e-06 0.212279 0 0.0001036 0.010001 0.222384 5.5 5.26765 12 
306 3.7 1.31891 0 0.02 1801.99 0.0435 0.0112 0.0014 1.5e-06 0.212279 0 0.0001036 0.010001 0.222384 5.5 5.26765 12 
307 3.7 0.051456 0 0.02 1801.99 0.0435 0.0112 0.0014 1.5e-06 0.00828184 0 0.0001036 0.010001 0.0183865 5.5 5.47164 7 
308 3.7 0.329728 0 0.02 1801.99 0.0435 0.0112 0.0014 1.5e-06 0.0530697 0 0.0001036 0.010001 0.0631744 5.5 5.42685 10 
309 3.7 1.31891 0 0.02 1801.99 0.0435 0.0112 0.0014 1.5e-06 0.212279 0 0.0001036 0.010001 0.222384 5.5 5.26765 12 
310 3.7 1.31891 0 0.02 1801.99 0.0435 0.0112 0.0014 1.5e-06 0.212279 0 0.0001036 0.010001 0.222384 5.5 5.26765 12 
311 3.7 1.31891 0 0.02 1801.99 0.0435 0.0112 0.0014 1.5e-06 0.212279 0 0.0001036 0.010001 0.222384 5.5 5.26765 12 
312 3.7 0.659456 0 0.02 1801.99 0.0435 0.0112 0.0014 1.5e-06 0.106139 0 0.0001036 0.010001 0.116244 5.5 5.37378 11 
313 3.7 1.31891 0 0.02 1801.99 0.0435 0.0112 0.0014 1.5e-06 0.212279 0 0.0001036 0.010001 0.222384 5.5 5.26765 12 
314 3.7 1.31891 0 0.02 1801.99 0.0435 0.0112 0.0014 1.5e-06 0.212279 0 0.0001036 0.010001 0.222384 5.5 5.26765 12 
315 3.7 0.051456 0 0.02 1801.99 0.0435 0.0112 0.0014 1.5e-06 0.00828184 0 0.0001036 0.010001 0.0183865 5.5 5.47164 7 
316 3.7 0.051456 0 0.02 1801.99 0.0435 0.0112 0.0014 1.5e-06 0.00828184 0 0.0001036 0.010001 0.0183865 5.5 5.47164 7 
317 3.7 1.31891 0 0.02 1801.99 0.0435 0.0112 0.0014 1.5e-06 0.212279 0 0.0001036 0.010001 0.222384 5.5 5.26765 12 
318 3.7 1.31891 0 0.02 1801.99 0.0435 0.0112 0.0014 1.5e-06 0.212279 0 0.0001036 0.010001 0.222384 5.5 5.26765 12 
319 3.7 1.31891 0 0.02 1801.99 0.0435 0.0112 0.0014 1.5e-06 0.212279 0 0.0001036 0.010001 0.222384 5.5 5.26765 12 
320 3.7 1.31891 0 0.02 1801.99 0.0435 0.0112 0.0014 1.5e-06 0.212279 0 0.0001036 0.010001 0.222384 5.5 5.26765 12 
321 3.7 1.31891 0 0.02 1801.99 0.0435 0.0112 0.0014 1.5e-06 0.212279 0 0.0001036 0.010001 0.222384 5.5 5.26765 12 
322 3.7 1.31891 0 0.02 1801.99 0.0435 0.0112 0.0014 1.5e-06 0.212279 0 0.0001036 0.010001 0.222384 5.5 5.26765 12 
323 3.7 1.31891 0 0.02 1801.99 0.0435 0.0112 0.0014 1.5e-06 0.212279 0 0.0001036 0.010001 0.222384 5.5 5.26765 12 
324 3.7 0.051456 0 0.02 1801.99 0.0435 0.0112 0.0014 1.5e-06 0.00828184 0 0.0001036 0.010001 0.0183865 5.5 5.47164 7 
325 3.7 1.31891 0 0.02 1801.99 0.0435 0.0112 0.0014 1.5e-06 0.212279 0 0.0001036 0.010001 0.222384 5.5 5.26765 12 
326 3.7 1.31891 0 0.02 1801.99 0.0435 0.0112 0.0014 1.5e-06 0.212279 0 0.0001036 0.010001 0.222384 5.5 5.26765 12 
327 3.7 1.31891 0 0.02 1801.99 0.0435 0.0112 0.0014 1.5e-06 0.212279 0 0.0001036 0.010001 0.222384 5.5 5.26765 12 
328 3.7 1.31891 0 0.02 1801.99 0.0435 0.0112 0.0014 1.5e-06 0.212279 0 0.0001036 0.010001 0.222384 5.5 5.26765 12 
329 3.7 1.31891 0 0.02 1801.99 0.0435 0.0112 0.0014 1.5e-06 0.212279 0 0.0001036 0.010001 0.222384 5.5 5.26765 12 
330 3.7 1.31891 0 0.02 1801.99 0.0435 0.0112 0.0014 1.5e-06 0.212279 0 0.0001036 0.010001 0.222384 5.5 5.26765 12 
331 3.7 1.31891 0 0.02 1801.99 0.0435 0.0112 0.0014 1.5e-06 0.212279 0 0.0001036 0.010001 0.222384 5.5 5.26765 12 
332 3.7 1.31891 0 0.02 1801.99 0.0435 0.0112 0.0014 1.5e-06 0.212279 0 0.0001036 0.010001 0.222384 5.5 5.26765 12 
333 3.7 0.329728 0 0.02 1801.99 0.0435 0.0112 0.0014 1.5e-06 0.0530697 0 0.0001036 0.010001 0.0631744 5.5 5.42685 10 
334 3.7 1.31891 0 0.02 1801.99 0.0435 0.0112 0.0014 1.5e-06 0.212279 0 0.0001036 0.010001 0.222384 5.5 5.26765 12 
335 3.7 0.051456 0 0.02 1801.99 0.0435 0.0112 0.0014 1.5e-06 0.00828184 0 0.0001036 0.010001 0.0183865 5.5 5.47164 7 
336 3.7 1.31891 0 0.02 1801.99 0.0435 0.0112 0.0014 1.5e-06 0.212279 0 0.0001036 0.010001 0.222384 5.5 5.26765 12 
337 3.7 1.31891 0 0.02 1801.99 0.0435 0.0112 0.0014 1.5e-06 0.212279 0 0.0001036 0.010001 0.222384 5.5 5.26765 12 
338 3.7 1.31891 0 0.02 1801.99 0.0435 0.0112 0.0014 1.5e-06 0.212279 0 0.0001036 0.010001 0.222384 5.5 5.26765 12 
339 3.7 1.31891 0 0.02 1801.99 0.0435 0.0112 0.0014 1.5e-06 0.212279 0 0.0001036 0.010001 0.222384 5.5 5.26765 12 
340 3.7 1.31891 0 0.02 1801.99 0.0435 0.0112 0.0014 1.5e-06 0.212279 0 0.0001036 0.010001 0.222384 5.5 5.26765 12 
341 3.7 1.31891 0 0.02 1801.99 0.0435 0.0112 0.0014 1.5e-06 0.212279 0 0.0001036 0.010001 0.222384 5.5 5.26765 12 
342 3.7 0.329728 0 0.02 1801.99 0.0435 0.0112 0.0014 1.5e-06 0.0530697 0 0.0001036 0.010001 0.0631744 5.5 5.42685 10 
343 3.7 1.31891 0 0.02 1801.99 0.0435 0.0112 0.0014 1.5e-06 0.212279 0 0.0001036 0.010001 0.222384 5.5 5.26765 12 
344 3.7 1.31891 0 0.02 1801.99 0.0435 0.0112 0.0014 1.5e-06 0.212279 0 0.0001036 0.010001 0.222384 5.5 5.26765 12 
345 3.7 1.31891 0 0.02 1801.99 0.0435 0.0112 0.0014 1.5e-06 0.212279 0 0.0001036 0.010001 0.222384 5.5 5.26765 12 
346 3.7 1.31891 0 0.02 1801.99 0.0435 0.0112 0.0014 1.5e-06 0.212279 0 0.0001036 0.010001 0.222384 5.5 5.26765 12 
347 3.7 1.31891 0 0.02 1801.99 0.0435 0.0112 0.0014 1.5e-06 0.212279 0 0.0001036 0.010001 0.222384 5.5 5.26765 12 
348 3.7 0.051456 0 0.02 1801.99 0.0435 0.0112 0.0014 1.5e-06 0.00828184 0 0.0001036 0.010001 0.0183865 5.5 5.47164 7 
349 3.7 0.329728 0 0.02 1801.99 0.0435 0.0112 0.0014 1.5e-06 0.0530697 0 0.0001036 0.010001 0.0631744 5.5 5.42685 10 
350 3.7 1.31891 0 0.02 1801.99 0.0435 0.0112 0.0014 1.5e-06 0.212279 0 0.0001036 0.010001 0.222384 5.5 5.26765 12 
351 3.7 0.102912 0 0.02 1801.99 0.0435 0.0112 0.0014 1.5e-06 0.0165637 0 0.0001036 0.010001 0.0266683 5.5 5.46336 8 
352 3.7 1.31891 0 0.02 1801.99 0.0435 0.0112 0.0014 1.5e-06 0.212279 0 0.0001036 0.010001 0.222384 5.5 5.26765 12 
353 3.7 1.31891 0 0.02 1801.99 0.0435 0.0112 0.0014 1.5e-06 0.212279 0 0.0001036 0.010001 0.222384 5.5 5.26765 12 
354 3.7 1.31891 0 0.02 1801.99 0.0435 0.0112 0.0014 1.5e-06 0.212279 0 0.0001036 0.010001 0.222384 5.5 5.26765 12 
355 3.7 1.31891 0 0.02 1801.99 0.0435 0.0112 0.0014 1.5e-06 0.212279 0 0.0001036 0.010001 0.222384 5.5 5.26765 12 
356 3.7 1.31891 0 0.02 1801.99 0.0435 0.0112 0.0014 1.5e-06 0.212279 0 0.0001036 0.010001 0.222384 5.5 5.26765 12 
357 3.7 1.31891 0 0.02 1801.99 0.0435 0.0112 0.0014 1.5e-06 0.212279 0 0.0001036 0.010001 0.222384 5.5 5.26765 12 
358 3.7 1.31891 0 0.02 1801.99 0.0435 0.0112 0.0014 1.5e-06 0.212279 0 0.0001036 0.010001 0.222384 5.5 5.26765 12 
359 3.7 1.31891 0 0.02 1801.99 0.0435 0.0112 0.0014 1.5e-06 0.212279 0 0.0001036 0.010001 0.222384 5.5 5.26765 12 
360 3.7 1.31891 0 0.02 1801.99 0.0435 0.0112 0.0014 1.5e-06 0.212279 0 0.0001036 0.010001 0.222384 5.5 5.26765 12 
361 3.7 1.31891 0 0.02 1801.99 0.0435 0.0112 0.0014 1.5e-06 0.212279 0 0.0001036 0.010001 0.222384 5.5 5.26765 12 
362 3.7 1.31891 0 0.02 1801.99 0.0435 0.0112 0.0014 1.5e-06 0.212279 0 0.0001036 0.010001 0.222384 5.5 5.26765 12 
363 3.7 1.31891 0 0.02 1801.99 0.0435 0.0112 0.0014 1.5e-06 0.212279 0 0.0001036 0.010001 0.222384 5.5 5.26765 12 
364 3.7 1.31891 0 0.02 1801.99 0.0435 0.0112 0.0014 1.5e-06 0.212279 0 0.0001036 0.010001 0.222384 5.5 5.26765 12 
365 3.7 0.051456 0 0.02 1801.99 0.0435 0.0112 0.0014 1.5e-06 0.00828184 0 0.0001036 0.010001 0.0183865 5.5 5.47164 7 
366 3.7 1.31891 0 0.02 1801.99 0.0435 0.0112 0.0014 1.5e-06 0.212279 0 0.0001036 0.010001 0.222384 5.5 5.26765 12 
367 3.7 0.659456 0 0.02 1801.99 0.0435 0.0112 0.0014 1.5e-06 0.106139 0 0.0001036 0.010001 0.116244 5.5 5.37378 11 
368 3.7 1.31891 0 0.02 1801.99 0.0435 0.0112 0.0014 1.5e-06 0.212279 0 0.0001036 0.010001 0.222384 5.5 5.26765 12 
369 3.7 1.31891 0 0.02 1801.99 0.0435 0.0112 0.0014 1.5e-06 0.212279 0 0.0001036 0.010001 0.222384 5.5 5.26765 12 
370 3.7 1.31891 0 0.02 1801.99 0.0435 0.0112 0.0014 1.5e-06 0.212279 0 0.0001036 0.010001 0.222384 5.5 5.26765 12 
371 3.7 1.31891 0 0.02 1801.99 0.0435 0.0112 0.0014 1.5e-06 0.212279 0 0.0001036 0.010001 0.222384 5.5 5.26765 12 
372 3.7 1.31891 0 0.02 1801.99 0.0435 0.0112 0.0014 1.5e-06 0.212279 0 0.0001036 0.010001 0.222384 5.5 5.26765 12 
373 3.7 1.31891 0 0.02 1801.99 0.0435 0.0112 0.0014 1.5e-06 0.212279 0 0.0001036 0.010001 0.222384 5.5 5.26765 12 
374 3.7 0.051456 0 0.02 1801.99 0.0435 0.0112 0.0014 1.5e-06 0.00828184 0 0.0001036 0.010001 0.0183865 5.5 5.47164 7 
375 3.7 1.31891 0 0.02 1801.99 0.0435 0.0112 0.0014 1.5e-06 0.212279 0 0.0001036 0.010001 0.222384 5.5 5.26765 12 
376 3.7 1.31891 0 0.02 1801.99 0.0435 0.0112 0.0014 1.5e-06 0.212279 0 0.0001036 0.010001 0.222384 5.5 5.26765 12 
377 3.7 1.31891 0 0.02 1801.99 0.0435 0.0112 0.0014 1.5e-06 0.212279 0 0.0001036 0.010001 0.222384 5.5 5.26765 12 
378 3.7 1.31891 0 0.02 1801.99 0.0435 0.0112 0.0014 1.5e-06 0.212279 0 0.0001036 0.010001 0.222384 5.5 5.26765 12 
379 3.7 1.31891 0 0.02 1801.99 0.0435 0.0112 0.0014 1.5e-06 0.212279 0 0.0001036 0.010001 0.222384 5.5 5.26765 12 
380 3.7 1.31891 0 0.02 1801.99 0.0435 0.0112 0.0014 1.5e-06 0.212279 0 0.0001036 0.010001 0.222384 5.5 5.26765 12 
381 3.7 1.31891 0 0.02 1801.99 0.0435 0.0112 0.0014 1.5e-06 0.212279 0 0.0001036 0.010001 0.222384 5.5 5.26765 12 
382 3.7 0.051456 0 0.02 1801.99 0.0435 0.0112 0.0014 1.5e-06 0.00828184 0 0.0001036 0.010001 0.0183865 5.5 5.47164 7 
383 3.7 1.31891 0 0.02 1801.99 0.0435 0.0112 0.0014 1.5e-06 0.212279 0 0.0001036 0.010001 0.222384 5.5 5.26765 12 
384 3.7 1.31891 0 0.02 1801.99 0.0435 0.0112 0.0014 1.5e-06 0.212279 0 0.0001036 0.010001 0.222384 5.5 5.26765 12 
385 3.7 1.31891 0 0.02 1801.99 0.0435 0.0112 0.0014 1.5e-06 0.212279 0 0.0001036 0.010001 0.222384 5.5 5.26765 12 
386 3.7 1.31891 0 0.02 1801.99 0.0435 0.0112 0.0014 1.5e-06 0.212279 0 0.0001036 0.010001 0.222384 5.5 5.26765 12 
387 3.7 1.31891 0 0.02 1801.99 0.0435 0.0112 0.0014 1.5e-06 0.212279 0 0.0001036 0.010001 0.222384 5.5 5.26765 12 
388 3.7 1.31891 0 0.02 1801.99 0.0435 0.0112 0.0014 1.5e-06 0.212279 0 0.0001036 0.010001 0.222384 5.5 5.26765 12 
389 3.7 0.051456 0 0.02 1801.99 0.0435 0.0112 0.0014 1.5e-06 0.00828184 0 0.0001036 0.010001 0.0183865 5.5 5.47164 7 
390 3.7 1.31891 0 0.02 1801.99 0.0435 0.0112 0.0014 1.5e-06 0.212279 0 0.0001036 0.010001 0.222384 5.5 5.26765 12 
391 3.7 1.31891 0 0.02 1801.99 0.0435 0.0112 0.0014 1.5e-06 0.212279 0 0.0001036 0.010001 0.222384 5.5 5.26765 12 
392 3.7 0.051456 0 0.02 1801.99 0.0435 0.0112 0.0014 1.5e-06 0.00828184 0 0.0001036 0.010001 0.0183865 5.5 5.47164 7 
393 3.7 1.31891 0 0.02 1801.99 0.0435 0.0112 0.0014 1.5e-06 0.212279 0 0.0001036 0.010001 0.222384 5.5 5.26765 12 
394 3.7 1.31891 0 0.02 1801.99 0.0435 0.0112 0.0014 1.5e-06 0.212279 0 0.0001036 0.010001 0.222384 5.5 5.26765 12 
395 3.7 1.31891 0 0.02 1801.99 0.0435 0.0112 0.0014 1.5e-06 0.212279 0 0.0001036 0.010001 0.222384 5.5 5.26765 12 
396 3.7 1.31891 0 0.02 1801.99 0.0435 0.0112 0.0014 1.5e-06 0.212279 0 0.0001036 0.010001 0.222384 5.5 5.26765 12 
397 3.7 1.31891 0 0.02 1801.99 0.0435 0.0112 0.0014 1.5e-06 0.212279 0 0.0001036 0.010001 0.222384 5.5 5.26765 12 
398 3.7 1.31891 0 0.02 1801.99 0.0435 0.0112 0.0014 1.5e-06 0.212279 0 0.0001036 0.010001 0.222384 5.5 5.26765 12 
399 3.7 1.31891 0 0.02 1801.99 0.0435 0.0112 0.0014 1.5e-06 0.212279 0 0.0001036 0.010001 0.222384 5.5 5.26765 12 
400 3.7 1.31891 0 0.02 1801.99 0.0435 0.0112 0.0014 1.5e-06 0.212279 0 0.0001036 0.010001 0.222384 5.5 5.26765 12 
401 3.7 0.329728 0 0.02 1801.99 0.0435 0.0112 0.0014 1.5e-06 0.0530697 0 0.0001036 0.010001 0.0631744 5.5 5.42685 10 
402 3.7 1.31891 0 0.02 1801.99 0.0435 0.0112 0.0014 1.5e-06 0.212279 0 0.0001036 0.010001 0.222384 5.5 5.26765 12 
403 3.7 1.31891 0 0.02 1801.99 0.0435 0.0112 0.0014 1.5e-06 0.212279 0 0.0001036 0.010001 0.222384 5.5 5.26765 12 
404 3.7 1.31891 0 0.02 1801.99 0.0435 0.0112 0.0014 1.5e-06 0.212279 0 0.0001036 0.010001 0.222384 5.5 5.26765 12 
405 3.7 0.051456 0 0.02 1801.99 0.0435 0.0112 0.0014 1.5e-06 0.00828184 0 0.0001036 0.010001 0.0183865 5.5 5.47164 7 
406 3.7 0.659456 0 0.02 1801.99 0.0435 0.0112 0.0014 1.5e-06 0.106139 0 0.0001036 0.010001 0.116244 5.5 5.37378 11 
407 3.7 1.31891 0 0.02 1801.99 0.0435 0.0112 0.0014 1.5e-06 0.212279 0 0.0001036 0.010001 0.222384 5.5 5.26765 12 
408 3.7 1.31891 0 0.02 1801.99 0.0435 0.0112 0.0014 1.5e-06 0.212279 0 0.0001036 0.010001 0.222384 5.5 5.26765 12 
409 3.7 1.31891 0 0.02 1801.99 0.0435 0.0112 0.0014 1.5e-06 0.212279 0 0.0001036 0.010001 0.222384 5.5 5.26765 12 
410 3.7 1.31891 0 0.02 1801.99 0.0435 0.0112 0.0014 1.5e-06 0.212279 0 0.0001036 0.010001 0.222384 5.5 5.26765 12 
411 3.7 1.31891 0 0.02 1801.99 0.0435 0.0112 0.0014 1.5e-06 0.212279 0 0.0001036 0.010001 0.222384 5.5 5.26765 12 
412 3.7 1.31891 0 0.02 1801.99 0.0435 0.0112 0.0014 1.5e-06 0.212279 0 0.0001036 0.010001 0.222384 5.5 5.26765 12 
413 3.7 1.31891 0 0.02 1801.99 0.0435 0.0112 0.0014 1.5e-06 0.212279 0 0.0001036 0.010001 0.222384 5.5 5.26765 12 
414 3.7 1.31891 0 0.02 1801.99 0.0435 0.0112 0.0014 1.5e-06 0.212279 0 0.0001036 0.010001 0.222384 5.5 5.26765 12 
415 3.7 1.31891 0 0.02 1801.99 0.0435 0.0112 0.0014 1.5e-06 0.212279 0 0.0001036 0.010001 0.222384 5.5 5.26765 12 
416 3.7 0.051456 0 0.02 1801.99 0.0435 0.0112 0.0014 1.5e-06 0.00828184 0 0.0001036 0.010001 0.0183865 5.5 5.47164 7 
417 3.7 1.31891 0 0.02 1801.99 0.0435 0.0112 0.0014 1.5e-06 0.212279 0 0.0001036 0.010001 0.222384 5.5 5.26765 12 
418 3.7 1.31891 0 0.02 1801.99 0.0435 0.0112 0.0014 1.5e-06 0.212279 0 0.0001036 0.010001 0.222384 5.5 5.26765 12 
419 3.7 1.31891 0 0.02 1801.99 0.0435 0.0112 0.0014 1.5e-06 0.212279 0 0.0001036 0.010001 0.222384 5.5 5.26765 12 
420 3.7 1.31891 0 0.02 1801.99 0.0435 0.0112 0.0014 1.5e-06 0.212279 0 0.0001036 0.010001 0.222384 5.5 5.26765 12 
421 3.7 1.31891 0 0.02 1801.99 0.0435 0.0112 0.0014 1.5e-06 0.212279 0 0.0001036 0.010001 0.222384 5.5 5.26765 12 
422 3.7 1.31891 0 0.02 1801.99 0.0435 0.0112 0.0014 1.5e-06 0.212279 0 0.0001036 0.010001 0.222384 5.5 5.26765 12 
423 3.7 1.31891 0 0.02 1801.99 0.0435 0.0112 0.0014 1.5e-06 0.212279 0 0.0001036 0.010001 0.222384 5.5 5.26765 12 
424 3.7 1.31891 0 0.02 1801.99 0.0435 0.0112 0.0014 1.5e-06 0.212279 0 0.0001036 0.010001 0.222384 5.5 5.26765 12 
425 3.7 1.31891 0 0.02 1801.99 0.0435 0.0112 0.0014 1.5e-06 0.212279 0 0.0001036 0.010001 0.222384 5.5 5.26765 12 
426 3.7 1.31891 0 0.02 1801.99 0.0435 0.0112 0.0014 1.5e-06 0.212279 0 0.0001036 0.010001 0.222384 5.5 5.26765 12 
427 3.7 0.051456 0 0.02 1801.99 0.0435 0.0112 0.0014 1.5e-06 0.00828184 0 0.0001036 0.010001 0.0183865 5.5 5.47164 7 
428 3.7 1.31891 0 0.02 1801.99 0.0435 0.0112 0.0014 1.5e-06 0.212279 0 0.0001036 0.010001 0.222384 5.5 5.26765 12 
429 3.7 1.31891 0 0.02 1801.99 0.0435 0.0112 0.0014 1.5e-06 0.212279 0 0.0001036 0.010001 0.222384 5.5 5.26765 12 
430 3.7 1.31891 0 0.02 1801.99 0.0435 0.0112 0.0014 1.5e-06 0.212279 0 0.0001036 0.010001 0.222384 5.5 5.26765 12 
431 3.7 1.31891 0 0.02 1801.99 0.0435 0.0112 0.0014 1.5e-06 0.212279 0 0.0001036 0.010001 0.222384 5.5 5.26765 12 
432 3.7 1.31891 0 0.02 1801.99 0.0435 0.0112 0.0014 1.5e-06 0.212279 0 0.0001036 0.010001 0.222384 5.5 5.26765 12 
433 3.7 1.31891 0 0.02 1801.99 0.0435 0.0112 0.0014 1.5e-06 0.212279 0 0.0001036 0.010001 0.222384 5.5 5.26765 12 
434 3.7 1.31891 0 0.02 1801.99 0.0435 0.0112 0.0014 1.5e-06 0.212279 0 0.0001036 0.010001 0.222384 5.5 5.26765 12 
435 3.7 1.31891 0 0.02 1801.99 0.0435 0.0112 0.0014 1.5e-06 0.212279 0 0.0001036 0.010001 0.222384 5.5 5.26765 12 
436 3.7 0.185344 0 0.02 1801.99 0.0435 0.0112 0.0014 1.5e-06 0.0298311 0 0.0001036 0.010001 0.0399358 5.5 5.45009 9 
437 3.7 1.31891 0 0.02 1801.99 0.0435 0.0112 0.0014 1.5e-06 0.212279 0 0.0001036 0.010001 0.222384 5.5 5.26765 12 
438 3.7 1.31891 0 0.02 1801.99 0.0435 0.0112 0.0014 1.5e-06 0.212279 0 0.0001036 0.010001 0.222384 5.5 5.26765 12 
439 3.7 0.185344 0 0.02 1801.99 0.0435 0.0112 0.0014 1.5e-06 0.0298311 0 0.0001036 0.010001 0.0399358 5.5 5.45009 9 
440 3.7 1.31891 0 0.02 1801.99 0.0435 0.0112 0.0014 1.5e-06 0.212279 0 0.0001036 0.010001 0.222384 5.5 5.26765 12 
441 3.7 1.31891 0 0.02 1801.99 0.0435 0.0112 0.0014 1.5e-06 0.212279 0 0.0001036 0.010001 0.222384 5.5 5.26765 12 
442 3.7 1.31891 0 0.02 1801.99 0.0435 0.0112 0.0014 1.5e-06 0.212279 0 0.0001036 0.010001 0.222384 5.5 5.26765 12 
443 3.7 1.31891 0 0.02 1801.99 0.0435 0.0112 0.0014 1.5e-06 0.212279 0 0.0001036 0.010001 0.222384 5.5 5.26765 12 
444 3.7 1.31891 0 0.02 1801.99 0.0435 0.0112 0.0014 1.5e-06 0.212279 0 0.0001036 0.010001 0.222384 5.5 5.26765 12 
445 3.7 0.329728 0 0.02 1801.99 0.0435 0.0112 0.0014 1.5e-06 0.0530697 0 0.0001036 0.010001 0.0631744 5.5 5.42685 10 
446 3.7 0.659456 0 0.02 1801.99 0.0435 0.0112 0.0014 1.5e-06 0.106139 0 0.0001036 0.010001 0.116244 5.5 5.37378 11 
447 3.7 1.31891 0 0.02 1801.99 0.0435 0.0112 0.0014 1.5e-06 0.212279 0 0.0001036 0.010001 0.222384 5.5 5.26765 12 
448 3.7 0.659456 0 0.02 1801.99 0.0435 0.0112 0.0014 1.5e-06 0.106139 0 0.0001036 0.010001 0.116244 5.5 5.37378 11 
449 3.7 1.31891 0 0.02 1801.99 0.0435 0.0112 0.0014 1.5e-06 0.212279 0 0.0001036 0.010001 0.222384 5.5 5.26765 12 
450 3.7 0.102912 0 0.02 1801.99 0.0435 0.0112 0.0014 1.5e-06 0.0165637 0 0.0001036 0.010001 0.0266683 5.5 5.46336 8 
451 3.7 1.31891 0 0.02 1801.99 0.0435 0.0112 0.0014 1.5e-06 0.212279 0 0.0001036 0.010001 0.222384 5.5 5.26765 12 
452 3.7 1.31891 0 0.02 1801.99 0.0435 0.0112 0.0014 1.5e-06 0.212279 0 0.0001036 0.010001 0.222384 5.5 5.26765 12 
453 3.7 1.31891 0 0.02 1801.99 0.0435 0.0112 0.0014 1.5e-06 0.212279 0 0.0001036 0.010001 0.222384 5.5 5.26765 12 
454 3.7 1.31891 0 0.02 1801.99 0.0435 0.0112 0.0014 1.5e-06 0.212279 0 0.0001036 0.010001 0.222384 5.5 5.26765 12 
455 3.7 1.31891 0 0.02 1801.99 0.0435 0.0112 0.0014 1.5e-06 0.212279 0 0.0001036 0.010001 0.222384 5.5 5.26765 12 
456 3.7 1.31891 0 0.02 1801.99 0.0435 0.0112 0.0014 1.5e-06 0.212279 0 0.0001036 0.010001 0.222384 5.5 5.26765 12 
457 3.7 1.31891 0 0.02 1801.99 0.0435 0.0112 0.0014 1.5e-06 0.212279 0 0.0001036 0.010001 0.222384 5.5 5.26765 12 
458 3.7 0.329728 0 0.02 1801.99 0.0435 0.0112 0.0014 1.5e-06 0.0530697 0 0.0001036 0.010001 0.0631744 5.5 5.42685 10 
459 3.7 1.31891 0 0.02 1801.99 0.0435 0.0112 0.0014 1.5e-06 0.212279 0 0.0001036 0.010001 0.222384 5.5 5.26765 12 
460 3.7 1.31891 0 0.02 1801.99 0.0435 0.0112 0.0014 1.5e-06 0.212279 0 0.0001036 0.010001 0.222384 5.5 5.26765 12 
461 3.7 0.051456 0 0.02 1801.99 0.0435 0.0112 0.0014 1.5e-06 0.00828184 0 0.0001036 0.010001 0.0183865 5.5 5.47164 7 
462 3.7 1.31891 0 0.02 1801.99 0.0435 0.0112 0.0014 1.5e-06 0.212279 0 0.0001036 0.010001 0.222384 5.5 5.26765 12 
463 3.7 1.31891 0 0.02 1801.99 0.0435 0.0112 0.0014 1.5e-06 0.212279 0 0.0001036 0.010001 0.222384 5.5 5.26765 12 
464 3.7 1.31891 0 0.02 1801.99 0.0435 0.0112 0.0014 1.5e-06 0.212279 0 0.0001036 0.010001 0.222384 5.5 5.26765 12 
465 3.7 1.31891 0 0.02 1801.99 0.0435 0.0112 0.0014 1.5e-06 0.212279 0 0.0001036 0.010001 0.222384 5.5 5.26765 12 
466 3.7 1.31891 0 0.02 1801.99 0.0435 0.0112 0.0014 1.5e-06 0.212279 0 0.0001036 0.010001 0.222384 5.5 5.26765 12 
467 3.7 1.31891 0 0.02 1801.99 0.0435 0.0112 0.0014 1.5e-06 0.212279 0 0.0001036 0.010001 0.222384 5.5 5.26765 12 
468 3.7 1.31891 0 0.02 1801.99 0.0435 0.0112 0.0014 1.5e-06 0.212279 0 0.0001036 0.010001 0.222384 5.5 5.26765 12 
469 3.7 1.31891 0 0.02 1801.99 0.0435 0.0112 0.0014 1.5e-06 0.212279 0 0.0001036 0.010001 0.222384 5.5 5.26765 12 
470 3.7 1.31891 0 0.02 1801.99 0.0435 0.0112 0.0014 1.5e-06 0.212279 0 0.0001036 0.010001 0.222384 5.5 5.26765 12 
471 3.7 1.31891 0 0.02 1801.99 0.0435 0.0112 0.0014 1.5e-06 0.212279 0 0.0001036 0.010001 0.222384 5.5 5.26765 12 
472 3.7 1.31891 0 0.02 1801.99 0.0435 0.0112 0.0014 1.5e-06 0.212279 0 0.0001036 0.010001 0.222384 5.5 5.26765 12 
473 3.7 1.31891 0 0.02 1801.99 0.0435 0.0112 0.0014 1.5e-06 0.212279 0 0.0001036 0.010001 0.222384 5.5 5.26765 12 
474 3.7 1.31891 0 0.02 1801.99 0.0435 0.0112 0.0014 1.5e-06 0.212279 0 0.0001036 0.010001 0.222384 5.5 5.26765 12 
475 3.7 0.329728 0 0.02 1801.99 0.0435 0.0112 0.0014 1.5e-06 0.0530697 0 0.0001036 0.010001 0.0631744 5.5 5.42685 10 
476 3.7 0.051456 0 0.02 1801.99 0.0435 0.0112 0.0014 1.5e-06 0.00828184 0 0.0001036 0.010001 0.0183865 5.5 5.47164 7 
477 3.7 1.31891 0 0.02 1801.99 0.0435 0.0112 0.0014 1.5e-06 0.212279 0 0.0001036 0.010001 0.222384 5.5 5.26765 12 
478 3.7 1.31891 0 0.02 1801.99 0.0435 0.0112 0.0014 1.5e-06 0.212279 0 0.0001036 0.010001 0.222384 5.5 5.26765 12 
479 3.7 0.051456 0 0.02 1801.99 0.0435 0.0112 0.0014 1.5e-06 0.00828184 0 0.0001036 0.010001 0.0183865 5.5 5.47164 7 
480 3.7 1.31891 0 0.02 1801.99 0.0435 0.0112 0.0014 1.5e-06 0.212279 0 0.0001036 0.010001 0.222384 5.5 5.26765 12 
481 3.7 1.31891 0 0.02 1801.99 0.0435 0.0112 0.0014 1.5e-06 0.212279 0 0.0001036 0.010001 0.222384 5.5 5.26765 12 
482 3.7 1.31891 0 0.02 1801.99 0.0435 0.0112 0.0014 1.5e-06 0.212279 0 0.0001036 0.010001 0.222384 5.5 5.26765 12 
483 3.7 1.31891 0 0.02 1801.99 0.0435 0.0112 0.0014 1.5e-06 0.212279 0 0.0001036 0.010001 0.222384 5.5 5.26765 12 
484 3.7 1.31891 0 0.02 1801.99 0.0435 0.0112 0.0014 1.5e-06 0.212279 0 0.0001036 0.010001 0.222384 5.5 5.26765 12 
485 3.7 1.31891 0 0.02 1801.99 0.0435 0.0112 0.0014 1.5e-06 0.212279 0 0.0001036 0.010001 0.222384 5.5 5.26765 12 
486 3.7 1.31891 0 0.02 1801.99 0.0435 0.0112 0.0014 1.5e-06 0.212279 0 0.0001036 0.010001 0.222384 5.5 5.26765 12 
487 3.7 1.31891 0 0.02 1801.99 0.0435 0.0112 0.0014 1.5e-06 0.212279 0 0.0001036 0.010001 0.222384 5.5 5.26765 12 
488 3.7 1.31891 0 0.02 1801.99 0.0435 0.0112 0.0014 1.5e-06 0.212279 0 0.0001036 0.010001 0.222384 5.5 5.26765 12 
489 3.7 1.31891 0 0.02 1801.99 0.0435 0.0112 0.0014 1.5e-06 0.212279 0 0.0001036 0.010001 0.222384 5.5 5.26765 12 
490 3.7 1.31891 0 0.02 1801.99 0.0435 0.0112 0.0014 1.5e-06 0.212279 0 0.0001036 0.010001 0.222384 5.5 5.26765 12 
491 3.7 1.31891 0 0.02 1801.99 0.0435 0.0112 0.0014 1.5e-06 0.212279 0 0.0001036 0.010001 0.222384 5.5 5.26765 12 
492 3.7 1.31891 0 0.02 1801.99 0.0435 0.0112 0.0014 1.5e-06 0.212279 0 0.0001036 0.010001 0.222384 5.5 5.26765 12 
493 3.7 1.31891 0 0.02 1801.99 0.0435 0.0112 0.0014 1.5e-06 0.212279 0 0.0001036 0.010001 0.222384 5.5 5.26765 12 
494 3.7 1.31891 0 0.02 1801.99 0.0435 0.0112 0.0014 1.5e-06 0.212279 0 0.0001036 0.010001 0.222384 5.5 5.26765 12 
495 3.7 1.31891 0 0.02 1801.99 0.0435 0.0112 0.0014 1.5e-06 0.212279 0 0.0001036 0.010001 0.222384 5.5 5.26765 12 
496 3.7 1.31891 0 0.02 1801.99 0.0435 0.0112 0.0014 1.5e-06 0.212279 0 0.0001036 0.010001 0.222384 5.5 5.26765 12 
497 3.7 0.185344 0 0.02 1801.99 0.0435 0.0112 0.0014 1.5e-06 0.0298311 0 0.0001036 0.010001 0.0399358 5.5 5.45009 9 
498 3.7 1.31891 0 0.02 1801.99 0.0435 0.0112 0.0014 1.5e-06 0.212279 0 0.0001036 0.010001 0.222384 5.5 5.26765 12 
499 3.7 1.31891 0 0.02 1801.99 0.0435 0.0112 0.0014 1.5e-06 0.212279 0 0.0001036 0.010001 0.222384 5.5 5.26765 12 
500 3.7 0.102912 0 0.02 1801.99 0.0435 0.0112 0.0014 1.5e-06 0.0165637 0 0.0001036 0.010001 0.0266683 5.5 5.46336 8 
501 3.7 1.31891 0 0.02 1801.99 0.0435 0.0112 0.0014 1.5e-06 0.212279 0 0.0001036 0.010001 0.222384 5.5 5.26765 12 
502 3.7 0.102912 0 0.02 1801.99 0.0435 0.0112 0.0014 1.5e-06 0.0165637 0 0.0001036 0.010001 0.0266683 5.5 5.46336 8 
503 3.7 1.31891 0 0.02 1801.99 0.0435 0.0112 0.0014 1.5e-06 0.212279 0 0.0001036 0.010001 0.222384 5.5 5.26765 12 
504 3.7 1.31891 0 0.02 1801.99 0.0435 0.0112 0.0014 1.5e-06 0.212279 0 0.0001036 0.010001 0.222384 5.5 5.26765 12 
505 3.7 1.31891 0 0.02 1801.99 0.0435 0.0112 0.0014 1.5e-06 0.212279 0 0.0001036 0.010001 0.222384 5.5 5.26765 12 
506 3.7 1.31891 0 0.02 1801.99 0.0435 0.0112 0.0014 1.5e-06 0.212279 0 0.0001036 0.010001 0.222384 5.5 5.26765 12 
507 3.7 1.31891 0 0.02 1801.99 0.0435 0.0112 0.0014 1.5e-06 0.212279 0 0.0001036 0.010001 0.222384 5.5 5.26765 12 
508 3.7 1.31891 0 0.02 1801.99 0.0435 0.0112 0.0014 1.5e-06 0.212279 0 0.0001036 0.010001 0.222384 5.5 5.26765 12 
509 3.7 1.31891 0 0.02 1801.99 0.0435 0.0112 0.0014 1.5e-06 0.212279 0 0.0001036 0.010001 0.222384 5.5 5.26765 12 
510 3.7 1.31891 0 0.02 1801.99 0.0435 0.0112 0.0014 1.5e-06 0.212279 0 0.0001036 0.010001 0.222384 5.5 5.26765 12 
511 3.7 1.31891 0 0.02 1801.99 0.0435 0.0112 0.0014 1.5e-06 0.212279 0 0.0001036 0.010001 0.222384 5.5 5.26765 12 
512 3.7 1.31891 0 0.02 1801.99 0.0435 0.0112 0.0014 1.5e-06 0.212279 0 0.0001036 0.010001 0.222384 5.5 5.26765 12 
513 3.7 1.31891 0 0.02 1801.99 0.0435 0.0112 0.0014 1.5e-06 0.212279 0 0.0001036 0.010001 0.222384 5.5 5.26765 12 
514 3.7 0.185344 0 0.02 1801.99 0.0435 0.0112 0.0014 1.5e-06 0.0298311 0 0.0001036 0.010001 0.0399358 5.5 5.45009 9 
515 3.7 1.31891 0 0.02 1801.99 0.0435 0.0112 0.0014 1.5e-06 0.212279 0 0.0001036 0.010001 0.222384 5.5 5.26765 12 
516 3.7 1.31891 0 0.02 1801.99 0.0435 0.0112 0.0014 1.5e-06 0.212279 0 0.0001036 0.010001 0.222384 5.5 5.26765 12 
517 3.7 1.31891 0 0.02 1801.99 0.0435 0.0112 0.0014 1.5e-06 0.212279 0 0.0001036 0.010001 0.222384 5.5 5.26765 12 
518 3.7 1.31891 0 0.02 1801.99 0.0435 0.0112 0.0014 1.5e-06 0.212279 0 0.0001036 0.010001 0.222384 5.5 5.26765 12 
519 3.7 1.31891 0 0.02 1801.99 0.0435 0.0112 0.0014 1.5e-06 0.212279 0 0.0001036 0.010001 0.222384 5.5 5.26765 12 
520 3.7 1.31891 0 0.02 1801.99 0.0435 0.0112 0.0014 1.5e-06 0.212279 0 0.0001036 0.010001 0.222384 5.5 5.26765 12 
521 3.7 1.31891 0 0.02 1801.99 0.0435 0.0112 0.0014 1.5e-06 0.212279 0 0.0001036 0.010001 0.222384 5.5 5.26765 12 
522 3.7 1.31891 0 0.02 1801.99 0.0435 0.0112 0.0014 1.5e-06 0.212279 0 0.0001036 0.010001 0.222384 5.5 5.26765 12 
523 3.7 1.31891 0 0.02 1801.99 0.0435 0.0112 0.0014 1.5e-06 0.212279 0 0.0001036 0.010001 0.222384 5.5 5.26765 12 
524 3.7 1.31891 0 0.02 1801.99 0.0435 0.0112 0.0014 1.5e-06 0.212279 0 0.0001036 0.010001 0.222384 5.5 5.26765 12 
525 3.7 1.31891 0 0.02 1801.99 0.0435 0.0112 0.0014 1.5e-06 0.212279 0 0.0001036 0.010001 0.222384 5.5 5.26765 12 
526 3.7 1.31891 0 0.02 1801.99 0.0435 0.0112 0.0014 1.5e-06 0.212279 0 0.0001036 0.010001 0.222384 5.5 5.26765 12 
527 3.7 1.31891 0 0.02 1801.99 0.0435 0.0112 0.0014 1.5e-06 0.212279 0 0.0001036 0.010001 0.222384 5.5 5.26765 12 
528 3.7 1.31891 0 0.02 1801.99 0.0435 0.0112 0.0014 1.5e-06 0.212279 0 0.0001036 0.010001 0.222384 5.5 5.26765 12 
529 3.7 1.31891 0 0.02 1801.99 0.0435 0.0112 0.0014 1.5e-06 0.212279 0 0.0001036 0.010001 0.222384 5.5 5.26765 12 
530 3.7 1.31891 0 0.02 1801.99 0.0435 0.0112 0.0014 1.5e-06 0.212279 0 0.0001036 0.010001 0.222384 5.5 5.26765 12 
531 3.7 1.31891 0 0.02 1801.99 0.0435 0.0112 0.0014 1.5e-06 0.212279 0 0.0001036 0.010001 0.222384 5.5 5.26765 12 
532 3.7 1.31891 0 0.02 1801.99 0.0435 0.0112 0.0014 1.5e-06 0.212279 0 0.0001036 0.010001 0.222384 5.5 5.26765 12 
533 3.7 1.31891 0 0.02 1801.99 0.0435 0.0112 0.0014 1.5e-06 0.212279 0 0.0001036 0.010001 0.222384 5.5 5.26765 12 
534 3.7 1.31891 0 0.02 1801.99 0.0435 0.0112 0.0014 1.5e-06 0.212279 0 0.0001036 0.010001 0.222384 5.5 5.26765 12 
535 3.7 1.31891 0 0.02 1801.99 0.0435 0.0112 0.0014 1.5e-06 0.212279 0 0.0001036 0.010001 0.222384 5.5 5.26765 12 
536 3.7 1.31891 0 0.02 1801.99 0.0435 0.0112 0.0014 1.5e-06 0.212279 0 0.0001036 0.010001 0.222384 5.5 5.26765 12 
537 3.7 1.31891 0 0.02 1801.99 0.0435 0.0112 0.0014 1.5e-06 0.212279 0 0.0001036 0.010001 0.222384 5.5 5.26765 12 
538 3.7 1.31891 0 0.02 1801.99 0.0435 0.0112 0.0014 1.5e-06 0.212279 0 0.0001036 0.010001 0.222384 5.5 5.26765 12 
539 3.7 0.102912 0 0.02 1801.99 0.0435 0.0112 0.0014 1.5e-06 0.0165637 0 0.0001036 0.010001 0.0266683 5.5 5.46336 8 
540 3.7 1.31891 0 0.02 1801.99 0.0435 0.0112 0.0014 1.5e-06 0.212279 0 0.0001036 0.010001 0.222384 5.5 5.26765 12 
541 3.7 1.31891 0 0.02 1801.99 0.0435 0.0112 0.0014 1.5e-06 0.212279 0 0.0001036 0.010001 0.222384 5.5 5.26765 12 
542 3.7 0.102912 0 0.02 1801.99 0.0435 0.0112 0.0014 1.5e-06 0.0165637 0 0.0001036 0.010001 0.0266683 5.5 5.46336 8 
543 3.7 0.051456 0 0.02 1801.99 0.0435 0.0112 0.0014 1.5e-06 0.00828184 0 0.0001036 0.010001 0.0183865 5.5 5.47164 7 
544 3.7 1.31891 0 0.02 1801.99 0.0435 0.0112 0.0014 1.5e-06 0.212279 0 0.0001036 0.010001 0.222384 5.5 5.26765 12 
545 3.7 0.051456 0 0.02 1801.99 0.0435 0.0112 0.0014 1.5e-06 0.00828184 0 0.0001036 0.010001 0.0183865 5.5 5.47164 7 
546 3.7 1.31891 0 0.02 1801.99 0.0435 0.0112 0.0014 1.5e-06 0.212279 0 0.0001036 0.010001 0.222384 5.5 5.26765 12 
547 3.7 1.31891 0 0.02 1801.99 0.0435 0.0112 0.0014 1.5e-06 0.212279 0 0.0001036 0.010001 0.222384 5.5 5.26765 12 
548 3.7 1.31891 0 0.02 1801.99 0.0435 0.0112 0.0014 1.5e-06 0.212279 0 0.0001036 0.010001 0.222384 5.5 5.26765 12 
549 3.7 1.31891 0 0.02 1801.99 0.0435 0.0112 0.0014 1.5e-06 0.212279 0 0.0001036 0.010001 0.222384 5.5 5.26765 12 
550 3.7 1.31891 0 0.02 1801.99 0.0435 0.0112 0.0014 1.5e-06 0.212279 0 0.0001036 0.010001 0.222384 5.5 5.26765 12 
551 3.7 0.051456 0 0.02 1801.99 0.0435 0.0112 0.0014 1.5e-06 0.00828184 0 0.0001036 0.010001 0.0183865 5.5 5.47164 7 
552 3.7 1.31891 0 0.02 1801.99 0.0435 0.0112 0.0014 1.5e-06 0.212279 0 0.0001036 0.010001 0.222384 5.5 5.26765 12 
553 3.7 1.31891 0 0.02 1801.99 0.0435 0.0112 0.0014 1.5e-06 0.212279 0 0.0001036 0.010001 0.222384 5.5 5.26765 12 
554 3.7 1.31891 0 0.02 1801.99 0.0435 0.0112 0.0014 1.5e-06 0.212279 0 0.0001036 0.010001 0.222384 5.5 5.26765 12 
555 3.7 1.31891 0 0.02 1801.99 0.0435 0.0112 0.0014 1.5e-06 0.212279 0 0.0001036 0.010001 0.222384 5.5 5.26765 12 
556 3.7 0.102912 0 0.02 1801.99 0.0435 0.0112 0.0014 1.5e-06 0.0165637 0 0.0001036 0.010001 0.0266683 5.5 5.46336 8 
557 3.7 1.31891 0 0.02 1801.99 0.0435 0.0112 0.0014 1.5e-06 0.212279 0 0.0001036 0.010001 0.222384 5.5 5.26765 12 
558 3.7 1.31891 0 0.02 1801.99 0.0435 0.0112 0.0014 1.5e-06 0.212279 0 0.0001036 0.010001 0.222384 5.5 5.26765 12 
559 3.7 0.329728 0 0.02 1801.99 0.0435 0.0112 0.0014 1.5e-06 0.0530697 0 0.0001036 0.010001 0.0631744 5.5 5.42685 10 
560 3.7 1.31891 0 0.02 1801.99 0.0435 0.0112 0.0014 1.5e-06 0.212279 0 0.0001036 0.010001 0.222384 5.5 5.26765 12 
561 3.7 1.31891 0 0.02 1801.99 0.0435 0.0112 0.0014 1.5e-06 0.212279 0 0.0001036 0.010001 0.222384 5.5 5.26765 12 
562 3.7 1.31891 0 0.02 1801.99 0.0435 0.0112 0.0014 1.5e-06 0.212279 0 0.0001036 0.010001 0.222384 5.5 5.26765 12 
563 3.7 1.31891 0 0.02 1801.99 0.0435 0.0112 0.0014 1.5e-06 0.212279 0 0.0001036 0.010001 0.222384 5.5 5.26765 12 
564 3.7 1.31891 0 0.02 1801.99 0.0435 0.0112 0.0014 1.5e-06 0.212279 0 0.0001036 0.010001 0.222384 5.5 5.26765 12 
565 3.7 1.31891 0 0.02 1801.99 0.0435 0.0112 0.0014 1.5e-06 0.212279 0 0.0001036 0.010001 0.222384 5.5 5.26765 12 
566 3.7 1.31891 0 0.02 1801.99 0.0435 0.0112 0.0014 1.5e-06 0.212279 0 0.0001036 0.010001 0.222384 5.5 5.26765 12 
567 3.7 1.31891 0 0.02 1801.99 0.0435 0.0112 0.0014 1.5e-06 0.212279 0 0.0001036 0.010001 0.222384 5.5 5.26765 12 
568 3.7 1.31891 0 0.02 1801.99 0.0435 0.0112 0.0014 1.5e-06 0.212279 0 0.0001036 0.010001 0.222384 5.5 5.26765 12 
569 3.7 1.31891 0 0.02 1801.99 0.0435 0.0112 0.0014 1.5e-06 0.212279 0 0.0001036 0.010001 0.222384 5.5 5.26765 12 
570 3.7 1.31891 0 0.02 1801.99 0.0435 0.0112 0.0014 1.5e-06 0.212279 0 0.0001036 0.010001 0.222384 5.5 5.26765 12 
571 3.7 0.102912 0 0.02 1801.99 0.0435 0.0112 0.0014 1.5e-06 0.0165637 0 0.0001036 0.010001 0.0266683 5.5 5.46336 8 
572 3.7 1.31891 0 0.02 1801.99 0.0435 0.0112 0.0014 1.5e-06 0.212279 0 0.0001036 0.010001 0.222384 5.5 5.26765 12 
573 3.7 0.051456 0 0.02 1801.99 0.0435 0.0112 0.0014 1.5e-06 0.00828184 0 0.0001036 0.010001 0.0183865 5.5 5.47164 7 
574 3.7 1.31891 0 0.02 1801.99 0.0435 0.0112 0.0014 1.5e-06 0.212279 0 0.0001036 0.010001 0.222384 5.5 5.26765 12 
575 3.7 0.102912 0 0.02 1801.99 0.0435 0.0112 0.0014 1.5e-06 0.0165637 0 0.0001036 0.010001 0.0266683 5.5 5.46336 8 
576 3.7 1.31891 0 0.02 1801.99 0.0435 0.0112 0.0014 1.5e-06 0.212279 0 0.0001036 0.010001 0.222384 5.5 5.26765 12 
577 3.7 1.31891 0 0.02 1801.99 0.0435 0.0112 0.0014 1.5e-06 0.212279 0 0.0001036 0.010001 0.222384 5.5 5.26765 12 
578 3.7 1.31891 0 0.02 1801.99 0.0435 0.0112 0.0014 1.5e-06 0.212279 0 0.0001036 0.010001 0.222384 5.5 5.26765 12 
579 3.7 1.31891 0 0.02 1801.99 0.0435 0.0112 0.0014 1.5e-06 0.212279 0 0.0001036 0.010001 0.222384 5.5 5.26765 12 
580 3.7 0.051456 0 0.02 1801.99 0.0435 0.0112 0.0014 1.5e-06 0.00828184 0 0.0001036 0.010001 0.0183865 5.5 5.47164 7 
581 3.7 1.31891 0 0.02 1801.99 0.0435 0.0112 0.0014 1.5e-06 0.212279 0 0.0001036 0.010001 0.222384 5.5 5.26765 12 
582 3.7 0.051456 0 0.02 1801.99 0.0435 0.0112 0.0014 1.5e-06 0.00828184 0 0.0001036 0.010001 0.0183865 5.5 5.47164 7 
583 3.7 1.31891 0 0.02 1801.99 0.0435 0.0112 0.0014 1.5e-06 0.212279 0 0.0001036 0.010001 0.222384 5.5 5.26765 12 
584 3.7 1.31891 0 0.02 1801.99 0.0435 0.0112 0.0014 1.5e-06 0.212279 0 0.0001036 0.010001 0.222384 5.5 5.26765 12 
585 3.7 1.31891 0 0.02 1801.99 0.0435 0.0112 0.0014 1.5e-06 0.212279 0 0.0001036 0.010001 0.222384 5.5 5.26765 12 
586 3.7 0.051456 0 0.02 1801.99 0.0435 0.0112 0.0014 1.5e-06 0.00828184 0 0.0001036 0.010001 0.0183865 5.5 5.47164 7 
587 3.7 1.31891 0 0.02 1801.99 0.0435 0.0112 0.0014 1.5e-06 0.212279 0 0.0001036 0.010001 0.222384 5.5 5.26765 12 
588 3.7 1.31891 0 0.02 1801.99 0.0435 0.0112 0.0014 1.5e-06 0.212279 0 0.0001036 0.010001 0.222384 5.5 5.26765 12 
589 3.7 1.31891 0 0.02 1801.99 0.0435 0.0112 0.0014 1.5e-06 0.212279 0 0.0001036 0.010001 0.222384 5.5 5.26765 12 
590 3.7 0.185344 0 0.02 1801.99 0.0435 0.0112 0.0014 1.5e-06 0.0298311 0 0.0001036 0.010001 0.0399358 5.5 5.45009 9 
591 3.7 1.31891 0 0.02 1801.99 0.0435 0.0112 0.0014 1.5e-06 0.212279 0 0.0001036 0.010001 0.222384 5.5 5.26765 12 
592 3.7 1.31891 0 0.02 1801.99 0.0435 0.0112 0.0014 1.5e-06 0.212279 0 0.0001036 0.010001 0.222384 5.5 5.26765 12 
593 3.7 0.102912 0 0.02 1801.99 0.0435 0.0112 0.0014 1.5e-06 0.0165637 0 0.0001036 0.010001 0.0266683 5.5 5.46336 8 
594 3.7 1.31891 0 0.02 1801.99 0.0435 0.0112 0.0014 1.5e-06 0.212279 0 0.0001036 0.010001 0.222384 5.5 5.26765 12 
595 3.7 1.31891 0 0.02 1801.99 0.0435 0.0112 0.0014 1.5e-06 0.212279 0 0.0001036 0.010001 0.222384 5.5 5.26765 12 
596 3.7 1.31891 0 0.02 1801.99 0.0435 0.0112 0.0014 1.5e-06 0.212279 0 0.0001036 0.010001 0.222384 5.5 5.26765 12 
597 3.7 1.31891 0 0.02 1801.99 0.0435 0.0112 0.0014 1.5e-06 0.212279 0 0.0001036 0.010001 0.222384 5.5 5.26765 12 
598 3.7 1.31891 0 0.02 1801.99 0.0435 0.0112 0.0014 1.5e-06 0.212279 0 0.0001036 0.010001 0.222384 5.5 5.26765 12 
599 3.7 1.31891 0 0.02 1801.99 0.0435 0.0112 0.0014 1.5e-06 0.212279 0 0.0001036 0.010001 0.222384 5.5 5.26765 12 
600 3.7 1.31891 0 0.02 1801.99 0.0435 0.0112 0.0014 1.5e-06 0.212279 0 0.0001036 0.010001 0.222384 5.5 5.26765 12 
601 3.7 1.31891 0 0.02 1801.99 0.0435 0.0112 0.0014 1.5e-06 0.212279 0 0.0001036 0.010001 0.222384 5.5 5.26765 12 
602 3.7 1.31891 0 0.02 1801.99 0.0435 0.0112 0.0014 1.5e-06 0.212279 0 0.0001036 0.010001 0.222384 5.5 5.26765 12 
603 3.7 1.31891 0 0.02 1801.99 0.0435 0.0112 0.0014 1.5e-06 0.212279 0 0.0001036 0.010001 0.222384 5.5 5.26765 12 
604 3.7 1.31891 0 0.02 1801.99 0.0435 0.0112 0.0014 1.5e-06 0.212279 0 0.0001036 0.010001 0.222384 5.5 5.26765 12 
605 3.7 1.31891 0 0.02 1801.99 0.0435 0.0112 0.0014 1.5e-06 0.212279 0 0.0001036 0.010001 0.222384 5.5 5.26765 12 
606 3.7 1.31891 0 0.02 1801.99 0.0435 0.0112 0.0014 1.5e-06 0.212279 0 0.0001036 0.010001 0.222384 5.5 5.26765 12 
607 3.7 0.051456 0 0.02 1801.99 0.0435 0.0112 0.0014 1.5e-06 0.00828184 0 0.0001036 0.010001 0.0183865 5.5 5.47164 7 
608 3.7 1.31891 0 0.02 1801.99 0.0435 0.0112 0.0014 1.5e-06 0.212279 0 0.0001036 0.010001 0.222384 5.5 5.26765 12 
609 3.7 1.31891 0 0.02 1801.99 0.0435 0.0112 0.0014 1.5e-06 0.212279 0 0.0001036 0.010001 0.222384 5.5 5.26765 12 
610 3.7 1.31891 0 0.02 1801.99 0.0435 0.0112 0.0014 1.5e-06 0.212279 0 0.0001036 0.010001 0.222384 5.5 5.26765 12 
611 3.7 1.31891 0 0.02 1801.99 0.0435 0.0112 0.0014 1.5e-06 0.212279 0 0.0001036 0.010001 0.222384 5.5 5.26765 12 
612 3.7 1.31891 0 0.02 1801.99 0.0435 0.0112 0.0014 1.5e-06 0.212279 0 0.0001036 0.010001 0.222384 5.5 5.26765 12 
613 3.7 1.31891 0 0.02 1801.99 0.0435 0.0112 0.0014 1.5e-06 0.212279 0 0.0001036 0.010001 0.222384 5.5 5.26765 12 
614 3.7 1.31891 0 0.02 1801.99 0.0435 0.0112 0.0014 1.5e-06 0.212279 0 0.0001036 0.010001 0.222384 5.5 5.26765 12 
615 3.7 1.31891 0 0.02 1801.99 0.0435 0.0112 0.0014 1.5e-06 0.212279 0 0.0001036 0.010001 0.222384 5.5 5.26765 12 
616 3.7 1.31891 0 0.02 1801.99 0.0435 0.0112 0.0014 1.5e-06 0.212279 0 0.0001036 0.010001 0.222384 5.5 5.26765 12 
617 3.7 1.31891 0 0.02 1801.99 0.0435 0.0112 0.0014 1.5e-06 0.212279 0 0.0001036 0.010001 0.222384 5.5 5.26765 12 
618 3.7 0.051456 0 0.02 1801.99 0.0435 0.0112 0.0014 1.5e-06 0.00828184 0 0.0001036 0.010001 0.0183865 5.5 5.47164 7 
619 3.7 1.31891 0 0.02 1801.99 0.0435 0.0112 0.0014 1.5e-06 0.212279 0 0.0001036 0.010001 0.222384 5.5 5.26765 12 
620 3.7 1.31891 0 0.02 1801.99 0.0435 0.0112 0.0014 1.5e-06 0.212279 0 0.0001036 0.010001 0.222384 5.5 5.26765 12 
621 3.7 0.102912 0 0.02 1801.99 0.0435 0.0112 0.0014 1.5e-06 0.0165637 0 0.0001036 0.010001 0.0266683 5.5 5.46336 8 
622 3.7 1.31891 0 0.02 1801.99 0.0435 0.0112 0.0014 1.5e-06 0.212279 0 0.0001036 0.010001 0.222384 5.5 5.26765 12 
623 3.7 1.31891 0 0.02 1801.99 0.0435 0.0112 0.0014 1.5e-06 0.212279 0 0.0001036 0.010001 0.222384 5.5 5.26765 12 
624 3.7 1.31891 0 0.02 1801.99 0.0435 0.0112 0.0014 1.5e-06 0.212279 0 0.0001036 0.010001 0.222384 5.5 5.26765 12 
625 3.7 1.31891 0 0.02 1801.99 0.0435 0.0112 0.0014 1.5e-06 0.212279 0 0.0001036 0.010001 0.222384 5.5 5.26765 12 
626 3.7 0.051456 0 0.02 1801.99 0.0435 0.0112 0.0014 1.5e-06 0.00828184 0 0.0001036 0.010001 0.0183865 5.5 5.47164 7 
627 3.7 1.31891 0 0.02 1801.99 0.0435 0.0112 0.0014 1.5e-06 0.212279 0 0.0001036 0.010001 0.222384 5.5 5.26765 12 
628 3.7 1.31891 0 0.02 1801.99 0.0435 0.0112 0.0014 1.5e-06 0.212279 0 0.0001036 0.010001 0.222384 5.5 5.26765 12 
629 3.7 1.31891 0 0.02 1801.99 0.0435 0.0112 0.0014 1.5e-06 0.212279 0 0.0001036 0.010001 0.222384 5.5 5.26765 12 
630 3.7 1.31891 0 0.02 1801.99 0.0435 0.0112 0.0014 1.5e-06 0.212279 0 0.0001036 0.010001 0.222384 5.5 5.26765 12 
631 3.7 0.051456 0 0.02 1801.99 0.0435 0.0112 0.0014 1.5e-06 0.00828184 0 0.0001036 0.010001 0.0183865 5.5 5.47164 7 
632 3.7 1.31891 0 0.02 1801.99 0.0435 0.0112 0.0014 1.5e-06 0.212279 0 0.0001036 0.010001 0.222384 5.5 5.26765 12 
633 3.7 1.31891 0 0.02 1801.99 0.0435 0.0112 0.0014 1.5e-06 0.212279 0 0.0001036 0.010001 0.222384 5.5 5.26765 12 
634 3.7 1.31891 0 0.02 1801.99 0.0435 0.0112 0.0014 1.5e-06 0.212279 0 0.0001036 0.010001 0.222384 5.5 5.26765 12 
635 3.7 1.31891 0 0.02 1801.99 0.0435 0.0112 0.0014 1.5e-06 0.212279 0 0.0001036 0.010001 0.222384 5.5 5.26765 12 
636 3.7 1.31891 0 0.02 1801.99 0.0435 0.0112 0.0014 1.5e-06 0.212279 0 0.0001036 0.010001 0.222384 5.5 5.26765 12 
637 3.7 1.31891 0 0.02 1801.99 0.0435 0.0112 0.0014 1.5e-06 0.212279 0 0.0001036 0.010001 0.222384 5.5 5.26765 12 
638 3.7 1.31891 0 0.02 1801.99 0.0435 0.0112 0.0014 1.5e-06 0.212279 0 0.0001036 0.010001 0.222384 5.5 5.26765 12 
639 3.7 1.31891 0 0.02 1801.99 0.0435 0.0112 0.0014 1.5e-06 0.212279 0 0.0001036 0.010001 0.222384 5.5 5.26765 12 
640 3.7 1.31891 0 0.02 1801.99 0.0435 0.0112 0.0014 1.5e-06 0.212279 0 0.0001036 0.010001 0.222384 5.5 5.26765 12 
641 3.7 0.659456 0 0.02 1801.99 0.0435 0.0112 0.0014 1.5e-06 0.106139 0 0.0001036 0.010001 0.116244 5.5 5.37378 11 
642 3.7 0.051456 0 0.02 1801.99 0.0435 0.0112 0.0014 1.5e-06 0.00828184 0 0.0001036 0.010001 0.0183865 5.5 5.47164 7 
643 3.7 1.31891 0 0.02 1801.99 0.0435 0.0112 0.0014 1.5e-06 0.212279 0 0.0001036 0.010001 0.222384 5.5 5.26765 12 
644 3.7 1.31891 0 0.02 1801.99 0.0435 0.0112 0.0014 1.5e-06 0.212279 0 0.0001036 0.010001 0.222384 5.5 5.26765 12 
645 3.7 1.31891 0 0.02 1801.99 0.0435 0.0112 0.0014 1.5e-06 0.212279 0 0.0001036 0.010001 0.222384 5.5 5.26765 12 
646 3.7 1.31891 0 0.02 1801.99 0.0435 0.0112 0.0014 1.5e-06 0.212279 0 0.0001036 0.010001 0.222384 5.5 5.26765 12 
647 3.7 1.31891 0 0.02 1801.99 0.0435 0.0112 0.0014 1.5e-06 0.212279 0 0.0001036 0.010001 0.222384 5.5 5.26765 12 
648 3.7 1.31891 0 0.02 1801.99 0.0435 0.0112 0.0014 1.5e-06 0.212279 0 0.0001036 0.010001 0.222384 5.5 5.26765 12 
649 3.7 1.31891 0 0.02 1801.99 0.0435 0.0112 0.0014 1.5e-06 0.212279 0 0.0001036 0.010001 0.222384 5.5 5.26765 12 
650 3.7 1.31891 0 0.02 1801.99 0.0435 0.0112 0.0014 1.5e-06 0.212279 0 0.0001036 0.010001 0.222384 5.5 5.26765 12 
651 3.7 1.31891 0 0.02 1801.99 0.0435 0.0112 0.0014 1.5e-06 0.212279 0 0.0001036 0.010001 0.222384 5.5 5.26765 12 
652 3.7 0.051456 0 0.02 1801.99 0.0435 0.0112 0.0014 1.5e-06 0.00828184 0 0.0001036 0.010001 0.0183865 5.5 5.47164 7 
653 3.7 1.31891 0 0.02 1801.99 0.0435 0.0112 0.0014 1.5e-06 0.212279 0 0.0001036 0.010001 0.222384 5.5 5.26765 12 
654 3.7 1.31891 0 0.02 1801.99 0.0435 0.0112 0.0014 1.5e-06 0.212279 0 0.0001036 0.010001 0.222384 5.5 5.26765 12 
655 3.7 1.31891 0 0.02 1801.99 0.0435 0.0112 0.0014 1.5e-06 0.212279 0 0.0001036 0.010001 0.222384 5.5 5.26765 12 
656 3.7 1.31891 0 0.02 1801.99 0.0435 0.0112 0.0014 1.5e-06 0.212279 0 0.0001036 0.010001 0.222384 5.5 5.26765 12 
657 3.7 0.051456 0 0.02 1801.99 0.0435 0.0112 0.0014 1.5e-06 0.00828184 0 0.0001036 0.010001 0.0183865 5.5 5.47164 7 
658 3.7 1.31891 0 0.02 1801.99 0.0435 0.0112 0.0014 1.5e-06 0.212279 0 0.0001036 0.010001 0.222384 5.5 5.26765 12 
659 3.7 1.31891 0 0.02 1801.99 0.0435 0.0112 0.0014 1.5e-06 0.212279 0 0.0001036 0.010001 0.222384 5.5 5.26765 12 
660 3.7 0.185344 0 0.02 1801.99 0.0435 0.0112 0.0014 1.5e-06 0.0298311 0 0.0001036 0.010001 0.0399358 5.5 5.45009 9 
661 3.7 1.31891 0 0.02 1801.99 0.0435 0.0112 0.0014 1.5e-06 0.212279 0 0.0001036 0.010001 0.222384 5.5 5.26765 12 
662 3.7 1.31891 0 0.02 1801.99 0.0435 0.0112 0.0014 1.5e-06 0.212279 0 0.0001036 0.010001 0.222384 5.5 5.26765 12 
663 3.7 0.051456 0 0.02 1801.99 0.0435 0.0112 0.0014 1.5e-06 0.00828184 0 0.0001036 0.010001 0.0183865 5.5 5.47164 7 
664 3.7 1.31891 0 0.02 1801.99 0.0435 0.0112 0.0014 1.5e-06 0.212279 0 0.0001036 0.010001 0.222384 5.5 5.26765 12 
665 3.7 1.31891 0 0.02 1801.99 0.0435 0.0112 0.0014 1.5e-06 0.212279 0 0.0001036 0.010001 0.222384 5.5 5.26765 12 
666 3.7 1.31891 0 0.02 1801.99 0.0435 0.0112 0.0014 1.5e-06 0.212279 0 0.0001036 0.010001 0.222384 5.5 5.26765 12 
667 3.7 1.31891 0 0.02 1801.99 0.0435 0.0112 0.0014 1.5e-06 0.212279 0 0.0001036 0.010001 0.222384 5.5 5.26765 12 
668 3.7 1.31891 0 0.02 1801.99 0.0435 0.0112 0.0014 1.5e-06 0.212279 0 0.0001036 0.010001 0.222384 5.5 5.26765 12 
669 3.7 1.31891 0 0.02 1801.99 0.0435 0.0112 0.0014 1.5e-06 0.212279 0 0.0001036 0.010001 0.222384 5.5 5.26765 12 
670 3.7 1.31891 0 0.02 1801.99 0.0435 0.0112 0.0014 1.5e-06 0.212279 0 0.0001036 0.010001 0.222384 5.5 5.26765 12 
671 3.7 1.31891 0 0.02 1801.99 0.0435 0.0112 0.0014 1.5e-06 0.212279 0 0.0001036 0.010001 0.222384 5.5 5.26765 12 
672 3.7 0.329728 0 0.02 1801.99 0.0435 0.0112 0.0014 1.5e-06 0.0530697 0 0.0001036 0.010001 0.0631744 5.5 5.42685 10 
673 3.7 0.051456 0 0.02 1801.99 0.0435 0.0112 0.0014 1.5e-06 0.00828184 0 0.0001036 0.010001 0.0183865 5.5 5.47164 7 
674 3.7 1.31891 0 0.02 1801.99 0.0435 0.0112 0.0014 1.5e-06 0.212279 0 0.0001036 0.010001 0.222384 5.5 5.26765 12 
675 3.7 1.31891 0 0.02 1801.99 0.0435 0.0112 0.0014 1.5e-06 0.212279 0 0.0001036 0.010001 0.222384 5.5 5.26765 12 
676 3.7 1.31891 0 0.02 1801.99 0.0435 0.0112 0.0014 1.5e-06 0.212279 0 0.0001036 0.010001 0.222384 5.5 5.26765 12 
677 3.7 0.051456 0 0.02 1801.99 0.0435 0.0112 0.0014 1.5e-06 0.00828184 0 0.0001036 0.010001 0.0183865 5.5 5.47164 7 
678 3.7 0.051456 0 0.02 1801.99 0.0435 0.0112 0.0014 1.5e-06 0.00828184 0 0.0001036 0.010001 0.0183865 5.5 5.47164 7 
679 3.7 1.31891 0 0.02 1801.99 0.0435 0.0112 0.0014 1.5e-06 0.212279 0 0.0001036 0.010001 0.222384 5.5 5.26765 12 
680 3.7 1.31891 0 0.02 1801.99 0.0435 0.0112 0.0014 1.5e-06 0.212279 0 0.0001036 0.010001 0.222384 5.5 5.26765 12 
681 3.7 1.31891 0 0.02 1801.99 0.0435 0.0112 0.0014 1.5e-06 0.212279 0 0.0001036 0.010001 0.222384 5.5 5.26765 12 
682 3.7 0.051456 0 0.02 1801.99 0.0435 0.0112 0.0014 1.5e-06 0.00828184 0 0.0001036 0.010001 0.0183865 5.5 5.47164 7 
683 3.7 1.31891 0 0.02 1801.99 0.0435 0.0112 0.0014 1.5e-06 0.212279 0 0.0001036 0.010001 0.222384 5.5 5.26765 12 
684 3.7 1.31891 0 0.02 1801.99 0.0435 0.0112 0.0014 1.5e-06 0.212279 0 0.0001036 0.010001 0.222384 5.5 5.26765 12 
685 3.7 0.051456 0 0.02 1801.99 0.0435 0.0112 0.0014 1.5e-06 0.00828184 0 0.0001036 0.010001 0.0183865 5.5 5.47164 7 
686 3.7 1.31891 0 0.02 1801.99 0.0435 0.0112 0.0014 1.5e-06 0.212279 0 0.0001036 0.010001 0.222384 5.5 5.26765 12 
687 3.7 1.31891 0 0.02 1801.99 0.0435 0.0112 0.0014 1.5e-06 0.212279 0 0.0001036 0.010001 0.222384 5.5 5.26765 12 
688 3.7 1.31891 0 0.02 1801.99 0.0435 0.0112 0.0014 1.5e-06 0.212279 0 0.0001036 0.010001 0.222384 5.5 5.26765 12 
689 3.7 0.051456 0 0.02 1801.99 0.0435 0.0112 0.0014 1.5e-06 0.00828184 0 0.0001036 0.010001 0.0183865 5.5 5.47164 7 
690 3.7 1.31891 0 0.02 1801.99 0.0435 0.0112 0.0014 1.5e-06 0.212279 0 0.0001036 0.010001 0.222384 5.5 5.26765 12 
691 3.7 1.31891 0 0.02 1801.99 0.0435 0.0112 0.0014 1.5e-06 0.212279 0 0.0001036 0.010001 0.222384 5.5 5.26765 12 
692 3.7 1.31891 0 0.02 1801.99 0.0435 0.0112 0.0014 1.5e-06 0.212279 0 0.0001036 0.010001 0.222384 5.5 5.26765 12 
693 3.7 1.31891 0 0.02 1801.99 0.0435 0.0112 0.0014 1.5e-06 0.212279 0 0.0001036 0.010001 0.222384 5.5 5.26765 12 
694 3.7 0.051456 0 0.02 1801.99 0.0435 0.0112 0.0014 1.5e-06 0.00828184 0 0.0001036 0.010001 0.0183865 5.5 5.47164 7 
695 3.7 1.31891 0 0.02 1801.99 0.0435 0.0112 0.0014 1.5e-06 0.212279 0 0.0001036 0.010001 0.222384 5.5 5.26765 12 
696 3.7 1.31891 0 0.02 1801.99 0.0435 0.0112 0.0014 1.5e-06 0.212279 0 0.0001036 0.010001 0.222384 5.5 5.26765 12 
697 3.7 1.31891 0 0.02 1801.99 0.0435 0.0112 0.0014 1.5e-06 0.212279 0 0.0001036 0.010001 0.222384 5.5 5.26765 12 
698 3.7 1.31891 0 0.02 1801.99 0.0435 0.0112 0.0014 1.5e-06 0.212279 0 0.0001036 0.010001 0.222384 5.5 5.26765 12 
699 3.7 1.31891 0 0.02 1801.99 0.0435 0.0112 0.0014 1.5e-06 0.212279 0 0.0001036 0.010001 0.222384 5.5 5.26765 12 
