#Dev nodeId x y z SF DR ConsEnergy RemEnergy 
ED 0 -1884.94 -581.605 15.0813 12 0 0.222384 5.26765 
ED 1 -841.919 -1344.41 22.3241 12 0 0.222384 5.26765 
ED 2 1416 -970.192 5.09494 12 0 0.222384 5.26765 
ED 3 309.771 847.298 14.4115 12 0 0.222384 5.26765 
ED 4 -485.478 -1742.69 16.482 12 0 0.222384 5.26765 
ED 5 1445.29 -1557.64 9.15556 12 0 0.222384 5.26765 
ED 6 105.387 -537.575 25.5074 12 0 0.222384 5.26765 
ED 7 -1955.72 390.852 33.7976 12 0 0.222384 5.26765 
ED 8 -240.927 -708.698 33.6379 11 1 0.116244 5.37378 
ED 9 -1961.47 -502.357 10.7574 12 0 0.222384 5.26765 
ED 10 -169.181 2304.35 27.5597 12 0 0.222384 5.26765 
ED 11 -1786.91 398.116 33.2523 12 0 0.222384 5.26765 
ED 12 -1165.12 1728.37 16.5031 12 0 0.222384 5.26765 
ED 13 -291.408 1682.13 9.29781 12 0 0.222384 5.26765 
ED 14 1736.37 1538.11 26.6973 12 0 0.222384 5.26765 
ED 15 -1150.23 1267.21 6.04743 12 0 0.222384 5.26765 
ED 16 -868.595 -1286.55 23.3364 12 0 0.222384 5.26765 
ED 17 1651.82 1857.12 17.9865 12 0 0.222384 5.26765 
ED 18 -267.999 1173.85 7.14692 10 2 0.0631744 5.42685 
ED 19 1758.63 1316.74 31.4568 12 0 0.222384 5.26765 
ED 20 1736.4 -532.528 26.0677 12 0 0.222384 5.26765 
ED 21 809.141 2367.1 35.4058 9 3 0.0399358 5.45009 
ED 22 744.68 576.535 10.0963 12 0 0.222384 5.26765 
ED 23 108.671 -1676.75 13.3089 12 0 0.222384 5.26765 
ED 24 819.63 1736.76 35.788 12 0 0.222384 5.26765 
ED 25 -1782.14 -1365.52 37.8443 12 0 0.222384 5.26765 
ED 26 -743.786 1259.68 25.3558 12 0 0.222384 5.26765 
ED 27 -1375.98 353.824 36.8623 7 5 0.0183865 5.47164 
ED 28 -352.46 2401.59 35.4566 12 0 0.222384 5.26765 
ED 29 837.866 -1069.8 23.065 7 5 0.0183865 5.47164 
ED 30 -1792.83 -1575.68 11.8224 12 0 0.222384 5.26765 
ED 31 -1152.99 -248.855 33.7586 7 5 0.0183865 5.47164 
ED 32 1857.65 2284.33 17.0968 12 0 0.222384 5.26765 
ED 33 -1296.04 -1386.3 17.4602 12 0 0.222384 5.26765 
ED 34 211.988 -1712.05 27.0456 12 0 0.222384 5.26765 
ED 35 -1095.33 1504.39 36.1792 12 0 0.222384 5.26765 
ED 36 -54.6821 -864.337 8.70215 12 0 0.222384 5.26765 
ED 37 651.751 1381.59 2.88177 12 0 0.222384 5.26765 
ED 38 -1356.83 978.566 37.2722 12 0 0.222384 5.26765 
ED 39 -498.396 -591.282 23.4737 12 0 0.222384 5.26765 
ED 40 1813.88 199.441 17.5116 12 0 0.222384 5.26765 
ED 41 -282.072 1387.89 20.7558 12 0 0.222384 5.26765 
ED 42 -797.835 -702.703 35.0413 7 5 0.0183865 5.47164 
ED 43 -291.469 2317.66 17.7274 12 0 0.222384 5.26765 
ED 44 -1085.29 895.603 1.01338 12 0 0.222384 5.26765 
ED 45 -996.59 -280.605 24.5239 12 0 0.222384 5.26765 
ED 46 1412.37 264.033 24.4162 12 0 0.222384 5.26765 
ED 47 1259.01 1129.27 34.8391 12 0 0.222384 5.26765 
ED 48 16.5521 1117.76 23.3024 7 5 0.0183865 5.47164 
ED 49 1439.31 2422.07 5.69241 12 0 0.222384 5.26765 
ED 50 1356.29 1383.15 10.1095 12 0 0.222384 5.26765 
ED 51 -1357.65 1537.43 18.5974 12 0 0.222384 5.26765 
ED 52 -50.3312 459.985 21.5208 12 0 0.222384 5.26765 
ED 53 -455.964 1241.74 20.7103 12 0 0.222384 5.26765 
ED 54 -960.065 -367.104 23.3851 12 0 0.222384 5.26765 
ED 55 -1843.56 345.027 14.2632 12 0 0.222384 5.26765 
ED 56 1128.49 1660 30.774 12 0 0.222384 5.26765 
ED 57 -1843.72 -1197.75 3.14808 12 0 0.222384 5.26765 
ED 58 -143.537 -1814.82 22.1787 12 0 0.222384 5.26765 
ED 59 -896.042 2345.01 24.9934 12 0 0.222384 5.26765 
ED 60 23.9198 -1479.17 34.3591 11 1 0.116244 5.37378 
ED 61 -1868.3 -1795.74 10.4216 12 0 0.222384 5.26765 
ED 62 37.2538 2091.06 16.0429 12 0 0.222384 5.26765 
ED 63 -1346.31 -1849.6 31.5151 12 0 0.222384 5.26765 
ED 64 -1798.1 2448.83 16.7864 12 0 0.222384 5.26765 
ED 65 1333.43 -507.034 37.2711 9 3 0.0399358 5.45009 
ED 66 513.459 2388.36 4.05542 12 0 0.222384 5.26765 
ED 67 -1364.37 1273.68 20.6985 12 0 0.222384 5.26765 
ED 68 1103.92 1520.86 19.229 12 0 0.222384 5.26765 
ED 69 -988.736 1.90009 17.7526 12 0 0.222384 5.26765 
ED 70 838.975 967.99 25.2658 12 0 0.222384 5.26765 
ED 71 -1772.2 572.058 30.4696 12 0 0.222384 5.26765 
ED 72 932.986 -803.994 34.8472 7 5 0.0183865 5.47164 
ED 73 621.444 -1469.16 36.2352 7 5 0.0183865 5.47164 
ED 74 -1474.19 636.404 16.339 12 0 0.222384 5.26765 
ED 75 -582.724 -1378.3 9.70132 12 0 0.222384 5.26765 
ED 76 553.066 51.76 35.029 12 0 0.222384 5.26765 
ED 77 1555.23 -355.187 24.5873 12 0 0.222384 5.26765 
ED 78 412.824 1329.41 37.9281 7 5 0.0183865 5.47164 
ED 79 -662.066 1687.56 31.5455 10 2 0.0631744 5.42685 
ED 80 -982.325 -1358.36 13.1759 12 0 0.222384 5.26765 
ED 81 1127.17 2410.76 17.16 12 0 0.222384 5.26765 
ED 82 1022.9 1417.21 0.529367 12 0 0.222384 5.26765 
ED 83 -542.367 -1117.7 28.0609 7 5 0.0183865 5.47164 
ED 84 515.067 1943.63 35.6158 12 0 0.222384 5.26765 
ED 85 -1670.32 66.7601 11.1265 12 0 0.222384 5.26765 
ED 86 1727.88 2317.15 31.5475 12 0 0.222384 5.26765 
ED 87 26.2112 -1392.71 7.89545 12 0 0.222384 5.26765 
ED 88 1337.31 -823.419 15.6397 12 0 0.222384 5.26765 
ED 89 1506.46 -1147.05 15.7963 12 0 0.222384 5.26765 
ED 90 908.611 951.151 31.5641 12 0 0.222384 5.26765 
ED 91 1926.59 1740.87 19.6109 12 0 0.222384 5.26765 
ED 92 -681.082 -488.221 23.5499 12 0 0.222384 5.26765 
ED 93 -796.398 -21.6204 32.7184 11 1 0.116244 5.37378 
ED 94 15.7678 725.565 21.4859 7 5 0.0183865 5.47164 
ED 95 832.155 2307.24 33.9199 12 0 0.222384 5.26765 
ED 96 1211.19 -174.06 23.5773 12 0 0.222384 5.26765 
ED 97 -350.395 802.876 5.3487 12 0 0.222384 5.26765 
ED 98 720.957 105.021 9.0063 12 0 0.222384 5.26765 
ED 99 -341.069 2241.33 15.6017 12 0 0.222384 5.26765 
ED 100 848.308 -1555.08 26.2422 11 1 0.116244 5.37378 
ED 101 -679.403 333.454 27.8702 12 0 0.222384 5.26765 
ED 102 -287.557 -1052.35 38.1306 9 3 0.0399358 5.45009 
ED 103 1012.16 -843.689 39.6421 7 5 0.0183865 5.47164 
ED 104 729.098 1132.21 12.2049 12 0 0.222384 5.26765 
ED 105 -640.586 -981.774 17.8768 11 1 0.116244 5.37378 
ED 106 -1072.4 178.322 4.1199 12 0 0.222384 5.26765 
ED 107 822.186 48.5399 24.3354 12 0 0.222384 5.26765 
ED 108 701.919 1685.7 0.164318 12 0 0.222384 5.26765 
ED 109 -690.531 1929.63 29.6523 12 0 0.222384 5.26765 
ED 110 930.425 -1792.39 22.1327 12 0 0.222384 5.26765 
ED 111 -479.332 1392 10.5956 12 0 0.222384 5.26765 
ED 112 1930.1 809.287 21.0923 12 0 0.222384 5.26765 
ED 113 -1546.97 -652.582 31.6789 12 0 0.222384 5.26765 
ED 114 -652.464 -762.504 20.0255 12 0 0.222384 5.26765 
ED 115 542.289 314.694 8.27068 12 0 0.222384 5.26765 
ED 116 -367.686 1032.03 11.4971 12 0 0.222384 5.26765 
ED 117 -1676.79 -1466.84 14.7578 12 0 0.222384 5.26765 
ED 118 938.538 1644.49 12.1467 12 0 0.222384 5.26765 
ED 119 1828.96 -413.245 23.7148 12 0 0.222384 5.26765 
ED 120 -891.936 334.27 16.6074 12 0 0.222384 5.26765 
ED 121 1957.25 1112.95 30.0524 12 0 0.222384 5.26765 
ED 122 114.18 1477.26 32.6913 7 5 0.0183865 5.47164 
ED 123 -1779.14 -1795.97 19.8589 12 0 0.222384 5.26765 
ED 124 413.803 -1997.25 38.0699 8 4 0.0266683 5.46336 
ED 125 614.04 2175.92 20.0222 12 0 0.222384 5.26765 
ED 126 1613.22 -739.481 0.951889 12 0 0.222384 5.26765 
ED 127 1102.79 1827.24 16.7495 12 0 0.222384 5.26765 
ED 128 -1179.06 -145.634 29.2854 12 0 0.222384 5.26765 
ED 129 1659.35 900.134 2.55523 12 0 0.222384 5.26765 
ED 130 -1686.01 -1804.48 1.01548 12 0 0.222384 5.26765 
ED 131 -574.684 2130.13 39.6879 7 5 0.0183865 5.47164 
ED 132 1132.59 -233.901 3.11167 12 0 0.222384 5.26765 
ED 133 -850.438 -495.639 22.7951 12 0 0.222384 5.26765 
ED 134 -1294.13 -689.67 36.3503 7 5 0.0183865 5.47164 
ED 135 -786.805 1577.57 16.6991 12 0 0.222384 5.26765 
ED 136 259.805 -1857.4 38.1976 9 3 0.0399358 5.45009 
ED 137 845.754 -411.171 39.0047 7 5 0.0183865 5.47164 
ED 138 237.162 835.622 29.3881 9 3 0.0399358 5.45009 
ED 139 -468.661 1725.73 15.6246 12 0 0.222384 5.26765 
ED 140 244.775 -548.721 0.950322 12 0 0.222384 5.26765 
ED 141 730.763 -1376.29 31.8405 12 0 0.222384 5.26765 
ED 142 -1988.12 -1840.66 8.02735 12 0 0.222384 5.26765 
ED 143 1442.64 1121.64 39.7151 7 5 0.0183865 5.47164 
ED 144 327.83 -389.533 9.05912 12 0 0.222384 5.26765 
ED 145 -1172.03 -1233.72 2.85218 12 0 0.222384 5.26765 
ED 146 1845.89 -667.452 34.4364 12 0 0.222384 5.26765 
ED 147 519.588 -1074.56 9.93794 12 0 0.222384 5.26765 
ED 148 1348.97 -681.649 32.117 7 5 0.0183865 5.47164 
ED 149 -1082.65 -9.81602 13.1918 12 0 0.222384 5.26765 
ED 150 1558.77 -1894.03 21.4655 12 0 0.222384 5.26765 
ED 151 428.39 1843.78 38.2217 12 0 0.222384 5.26765 
ED 152 1209.73 2459.88 16.098 12 0 0.222384 5.26765 
ED 153 -974.168 -1982.72 17.3801 12 0 0.222384 5.26765 
ED 154 719.142 406.827 0.474313 12 0 0.222384 5.26765 
ED 155 -1062.49 -491.448 6.39325 12 0 0.222384 5.26765 
ED 156 1922.71 -1987.12 36.4656 9 3 0.0399358 5.45009 
ED 157 238.382 549.663 6.05982 12 0 0.222384 5.26765 
ED 158 349.488 57.6283 39.3232 7 5 0.0183865 5.47164 
ED 159 -670.535 -412.119 30.7924 12 0 0.222384 5.26765 
ED 160 345.105 1105.16 34.5243 9 3 0.0399358 5.45009 
ED 161 -98.4011 916.473 17.6506 7 5 0.0183865 5.47164 
ED 162 -1561.36 424.196 32.5009 12 0 0.222384 5.26765 
ED 163 -1686.68 -968.778 28.1329 12 0 0.222384 5.26765 
ED 164 -1675.77 1694.62 30.7517 12 0 0.222384 5.26765 
ED 165 431.57 2427.34 29.722 12 0 0.222384 5.26765 
ED 166 1937.55 2372.93 11.1184 12 0 0.222384 5.26765 
ED 167 -1650.03 962.679 8.86847 12 0 0.222384 5.26765 
ED 168 -1796.87 1057.54 30.4531 12 0 0.222384 5.26765 
ED 169 848.553 1804.51 7.9619 12 0 0.222384 5.26765 
ED 170 -640.849 1082.71 29.2982 7 5 0.0183865 5.47164 
ED 171 1933.46 639.992 14.6232 12 0 0.222384 5.26765 
ED 172 -1647.05 -1050.25 11.0229 12 0 0.222384 5.26765 
ED 173 -1445.4 -1423.49 15.949 12 0 0.222384 5.26765 
ED 174 1157.28 -1143.1 8.191 12 0 0.222384 5.26765 
ED 175 1953.92 1796.67 0.400168 12 0 0.222384 5.26765 
ED 176 725.544 -1650.57 25.0588 12 0 0.222384 5.26765 
ED 177 157.247 1955.66 28.5524 12 0 0.222384 5.26765 
ED 178 -1464.99 -376.455 6.93618 12 0 0.222384 5.26765 
ED 179 209.847 1794.25 32.7869 9 3 0.0399358 5.45009 
ED 180 -1385.78 109.332 30.7717 12 0 0.222384 5.26765 
ED 181 -1997.31 1001 26.5265 12 0 0.222384 5.26765 
ED 182 -569.09 1400.82 35.7312 10 2 0.0631744 5.42685 
ED 183 -1950.08 2125.64 6.65776 12 0 0.222384 5.26765 
ED 184 653.403 582.559 27.472 12 0 0.222384 5.26765 
ED 185 -260.78 -1252.52 0.190464 12 0 0.222384 5.26765 
ED 186 -1051.72 1294.4 22.2372 12 0 0.222384 5.26765 
ED 187 1220.47 -304.162 13.9374 12 0 0.222384 5.26765 
ED 188 1047.25 1852.97 29.0292 12 0 0.222384 5.26765 
ED 189 526.752 1672.2 16.0694 12 0 0.222384 5.26765 
ED 190 -777.693 809.599 7.24492 12 0 0.222384 5.26765 
ED 191 -1088.6 2370.13 12.3376 12 0 0.222384 5.26765 
ED 192 -857.487 -1785.49 37.8449 7 5 0.0183865 5.47164 
ED 193 1421.59 837.702 9.05603 12 0 0.222384 5.26765 
ED 194 -1770.84 -1049.39 8.60941 12 0 0.222384 5.26765 
ED 195 1305.52 -1923.6 20.9659 12 0 0.222384 5.26765 
ED 196 1618.79 -36.7934 26.9713 12 0 0.222384 5.26765 
ED 197 -1995.54 -1579.62 30.4345 12 0 0.222384 5.26765 
ED 198 -758.81 -535.002 0.237945 12 0 0.222384 5.26765 
ED 199 608.441 991.742 11.0301 12 0 0.222384 5.26765 
ED 200 801.434 1588.27 6.94121 12 0 0.222384 5.26765 
ED 201 -1146.05 -1960.18 24.9551 12 0 0.222384 5.26765 
ED 202 -1397.93 -1427.94 3.95269 12 0 0.222384 5.26765 
ED 203 -1373.68 2200.94 30.2687 12 0 0.222384 5.26765 
ED 204 -1460.04 2129.23 34.1986 12 0 0.222384 5.26765 
ED 205 211.676 1459.36 19.379 12 0 0.222384 5.26765 
ED 206 -966.949 2378.4 21.242 12 0 0.222384 5.26765 
ED 207 -1397.94 1197.44 4.70025 12 0 0.222384 5.26765 
ED 208 -877.505 1441.46 17.5444 12 0 0.222384 5.26765 
ED 209 351.793 -800.156 17.2242 12 0 0.222384 5.26765 
ED 210 330.136 -1277.07 22.0361 12 0 0.222384 5.26765 
ED 211 329.612 -1392.26 7.63597 12 0 0.222384 5.26765 
ED 212 700.638 -1104.61 5.88679 12 0 0.222384 5.26765 
ED 213 1349.14 -1775.72 37.5467 11 1 0.116244 5.37378 
ED 214 417.452 -502.152 0.14268 12 0 0.222384 5.26765 
ED 215 432.567 1567.76 37.9391 7 5 0.0183865 5.47164 
ED 216 607.433 -1777.74 28.7012 12 0 0.222384 5.26765 
ED 217 -1961.08 1120.88 15.1808 12 0 0.222384 5.26765 
ED 218 -1284.2 -1268.02 7.68882 12 0 0.222384 5.26765 
ED 219 -1692.6 446.305 28.0025 12 0 0.222384 5.26765 
ED 220 -1687.94 -112.719 1.73859 12 0 0.222384 5.26765 
ED 221 527.24 -812.158 36.9333 7 5 0.0183865 5.47164 
ED 222 50.9141 -1637.64 4.29764 12 0 0.222384 5.26765 
ED 223 1551.83 1247.2 32.6653 12 0 0.222384 5.26765 
ED 224 -1184.01 914.454 24.5475 12 0 0.222384 5.26765 
ED 225 -162.003 1448.58 20.1504 12 0 0.222384 5.26765 
ED 226 -1277.87 1874.65 38.9459 9 3 0.0399358 5.45009 
ED 227 -590.749 1862.55 3.90435 12 0 0.222384 5.26765 
ED 228 -67.6011 1458.26 34.7064 7 5 0.0183865 5.47164 
ED 229 301.011 -1539.62 3.56357 12 0 0.222384 5.26765 
ED 230 610.278 1667.22 31.5098 10 2 0.0631744 5.42685 
ED 231 749.517 -901.801 27.3531 7 5 0.0183865 5.47164 
ED 232 145.324 -1420.7 10.1245 12 0 0.222384 5.26765 
ED 233 1125.34 -1949.15 17.1868 12 0 0.222384 5.26765 
ED 234 121.999 77.8636 28.9053 7 5 0.0183865 5.47164 
ED 235 -1775.21 -1226.98 38.1396 8 4 0.0266683 5.46336 
ED 236 117.046 2065.13 6.85641 12 0 0.222384 5.26765 
ED 237 1047.01 -1650.19 28.1755 8 4 0.0266683 5.46336 
ED 238 -1167.33 970.578 15.7484 12 0 0.222384 5.26765 
ED 239 42.6901 130.272 14.1696 12 0 0.222384 5.26765 
ED 240 1223.15 -1549.93 28.4748 12 0 0.222384 5.26765 
ED 241 -1687.59 1594.68 5.44295 12 0 0.222384 5.26765 
ED 242 -1146.34 18.2383 38.35 7 5 0.0183865 5.47164 
ED 243 6.97972 1650.96 23.4083 12 0 0.222384 5.26765 
ED 244 -1695.19 1896.11 26.1369 12 0 0.222384 5.26765 
ED 245 648.639 -1284.49 15.7793 12 0 0.222384 5.26765 
ED 246 -1888.58 164.22 33.2843 12 0 0.222384 5.26765 
ED 247 653.803 -813.144 15.3221 12 0 0.222384 5.26765 
ED 248 -1295.66 -1994.03 20.2151 12 0 0.222384 5.26765 
ED 249 -55.2761 2142.48 32.9961 12 0 0.222384 5.26765 
ED 250 -943.185 319.315 20.2865 12 0 0.222384 5.26765 
ED 251 -578.633 312.551 29.4102 9 3 0.0399358 5.45009 
ED 252 1007.21 -351.545 30.4233 7 5 0.0183865 5.47164 
ED 253 423.721 2155.21 35.5941 12 0 0.222384 5.26765 
ED 254 -1881.2 -5.24184 3.42396 12 0 0.222384 5.26765 
ED 255 1249.41 1449.94 3.80645 12 0 0.222384 5.26765 
ED 256 304.979 -667.468 4.06166 12 0 0.222384 5.26765 
ED 257 559.999 -930.668 32.0759 7 5 0.0183865 5.47164 
ED 258 -459.415 -1491.26 3.11245 12 0 0.222384 5.26765 
ED 259 -150.396 -1437.24 36.9465 7 5 0.0183865 5.47164 
ED 260 1225.57 -1807.17 11.8444 12 0 0.222384 5.26765 
ED 261 -157.139 -1549.82 22.4162 12 0 0.222384 5.26765 
ED 262 -282.015 1591.47 19.932 12 0 0.222384 5.26765 
ED 263 -1873.63 1139.08 15.2787 12 0 0.222384 5.26765 
ED 264 -62.6861 1136.87 16.4314 7 5 0.0183865 5.47164 
ED 265 -1571.77 -1281.89 37.2777 7 5 0.0183865 5.47164 
ED 266 -859.895 -143.122 2.30085 12 0 0.222384 5.26765 
ED 267 230.256 -1118.14 5.8839 12 0 0.222384 5.26765 
ED 268 -186.658 1034.47 9.1979 7 5 0.0183865 5.47164 
ED 269 -1461.59 -1245.03 33.7807 11 1 0.116244 5.37378 
ED 270 -957.626 -63.0559 24.1506 12 0 0.222384 5.26765 
ED 271 758.588 1799.17 25.2834 12 0 0.222384 5.26765 
ED 272 451.18 1380.96 10.7139 12 0 0.222384 5.26765 
ED 273 1235.48 -1141.62 35.5706 7 5 0.0183865 5.47164 
ED 274 1354.66 254.853 23.9283 12 0 0.222384 5.26765 
ED 275 -342.388 -1479.33 17.2878 12 0 0.222384 5.26765 
ED 276 -1075.85 -1467.47 7.42409 12 0 0.222384 5.26765 
ED 277 -1352.34 -1501.09 31.4499 12 0 0.222384 5.26765 
ED 278 -1053.71 -1943.3 19.3257 12 0 0.222384 5.26765 
ED 279 -1249.9 2171.32 1.88492 12 0 0.222384 5.26765 
ED 280 -494.164 -262.089 9.18763 12 0 0.222384 5.26765 
ED 281 -861.932 713.581 27.5725 12 0 0.222384 5.26765 
ED 282 -1481.46 -854.569 26.6375 12 0 0.222384 5.26765 
ED 283 426.551 -1554.38 35.3555 12 0 0.222384 5.26765 
ED 284 120.65 1806.26 22.9176 12 0 0.222384 5.26765 
ED 285 9.19747 2425.93 22.979 12 0 0.222384 5.26765 
ED 286 -1960.63 -306.434 4.77229 12 0 0.222384 5.26765 
ED 287 -1553.88 1968.47 3.07966 12 0 0.222384 5.26765 
ED 288 -1586.61 2364.11 6.38234 12 0 0.222384 5.26765 
ED 289 -1349.53 -112.726 30.5714 12 0 0.222384 5.26765 
ED 290 -494.521 -1267.08 34.3648 12 0 0.222384 5.26765 
ED 291 1822.97 1725.35 11.1475 12 0 0.222384 5.26765 
ED 292 1621.1 188.678 11.4722 12 0 0.222384 5.26765 
ED 293 -1142.61 1939.93 3.16505 12 0 0.222384 5.26765 
ED 294 -1851.98 -1651.45 16.9366 12 0 0.222384 5.26765 
ED 295 1232.78 -1208.04 0.799271 12 0 0.222384 5.26765 
ED 296 1855.23 916.423 29.7593 12 0 0.222384 5.26765 
ED 297 -865.701 1743.53 8.34859 12 0 0.222384 5.26765 
ED 298 1636.83 -289.72 21.1853 12 0 0.222384 5.26765 
ED 299 556.494 -1942.81 16.3238 12 0 0.222384 5.26765 
ED 300 -1764 -89.8891 18.4049 12 0 0.222384 5.26765 
ED 301 54.7856 3.34015 37.5424 9 3 0.0399358 5.45009 
ED 302 -456.618 952.993 4.91134 12 0 0.222384 5.26765 
ED 303 1145.31 534.325 27.4811 12 0 0.222384 5.26765 
ED 304 -1879.47 1876.37 0.560998 12 0 0.222384 5.26765 
ED 305 1205.59 886.682 34.9956 12 0 0.222384 5.26765 
ED 306 -276.03 -1498.03 9.14666 12 0 0.222384 5.26765 
ED 307 1255.09 -1385.29 33.7293 7 5 0.0183865 5.47164 
ED 308 1355.07 -90.8707 34.8375 10 2 0.0631744 5.42685 
ED 309 -866.229 479.63 9.37266 12 0 0.222384 5.26765 
ED 310 -967.72 -1857.48 19.9796 12 0 0.222384 5.26765 
ED 311 -1785.37 1186.36 25.6528 12 0 0.222384 5.26765 
ED 312 557.082 -659.691 31.5385 11 1 0.116244 5.37378 
ED 313 -1490.23 -1760.52 25.3745 12 0 0.222384 5.26765 
ED 314 -64.4897 663.114 13.8738 12 0 0.222384 5.26765 
ED 315 139.406 1103.46 4.82755 7 5 0.0183865 5.47164 
ED 316 -1154.09 -1066.93 32.592 7 5 0.0183865 5.47164 
ED 317 -1150.83 -1638.83 1.52179 12 0 0.222384 5.26765 
ED 318 -946.181 2250.46 4.4822 12 0 0.222384 5.26765 
ED 319 1313.37 -265.562 16.7871 12 0 0.222384 5.26765 
ED 320 56.7729 -1215.09 9.04035 12 0 0.222384 5.26765 
ED 321 1109.12 852.272 0.980973 12 0 0.222384 5.26765 
ED 322 810.175 -1783.87 30.224 12 0 0.222384 5.26765 
ED 323 -1461.6 714.845 10.6209 12 0 0.222384 5.26765 
ED 324 312.438 526.008 32.7674 7 5 0.0183865 5.47164 
ED 325 -1479.9 -234.475 7.59075 12 0 0.222384 5.26765 
ED 326 324.011 380.964 4.90558 12 0 0.222384 5.26765 
ED 327 -1553.55 1746.06 31.3866 12 0 0.222384 5.26765 
ED 328 1534.39 -767.106 22.8672 12 0 0.222384 5.26765 
ED 329 -366.243 557.581 24.8031 12 0 0.222384 5.26765 
ED 330 -796.464 -984.856 11.2446 12 0 0.222384 5.26765 
ED 331 -44.7793 294.818 31.7065 12 0 0.222384 5.26765 
ED 332 -695.617 570.533 18.2804 12 0 0.222384 5.26765 
ED 333 623.697 -350.599 26.7507 10 2 0.0631744 5.42685 
ED 334 -1580.55 1180.83 20.8902 12 0 0.222384 5.26765 
ED 335 -992.121 1722.06 36.229 7 5 0.0183865 5.47164 
ED 336 -1271.66 -1620.48 7.0142 12 0 0.222384 5.26765 
ED 337 1641.12 1995.72 15.2436 12 0 0.222384 5.26765 
ED 338 128.488 1543.61 1.33559 12 0 0.222384 5.26765 
ED 339 1942.18 -580.157 9.89234 12 0 0.222384 5.26765 
ED 340 715.705 911.753 4.53482 12 0 0.222384 5.26765 
ED 341 -668.768 -1633.41 20.5535 12 0 0.222384 5.26765 
ED 342 49.1986 -657.955 36.6438 10 2 0.0631744 5.42685 
ED 343 1242.91 -678.387 15.3936 12 0 0.222384 5.26765 
ED 344 517.501 -271.466 29.8499 12 0 0.222384 5.26765 
ED 345 -791.919 668.113 16.08 12 0 0.222384 5.26765 
ED 346 307.454 -587.268 8.21767 12 0 0.222384 5.26765 
ED 347 -1358.18 -227.411 20.9142 12 0 0.222384 5.26765 
ED 348 -960.882 -927.601 22.4271 7 5 0.0183865 5.47164 
ED 349 -296.383 1809.28 34.4155 10 2 0.0631744 5.42685 
ED 350 18.9189 -1906.87 19.821 12 0 0.222384 5.26765 
ED 351 232.473 -644.253 39.3773 8 4 0.0266683 5.46336 
ED 352 1132.42 2064.19 10.6138 12 0 0.222384 5.26765 
ED 353 -1562.44 -382.891 2.57182 12 0 0.222384 5.26765 
ED 354 101.393 -1138.79 8.527 12 0 0.222384 5.26765 
ED 355 1017.03 578.371 17.5675 12 0 0.222384 5.26765 
ED 356 -698.577 -1836 35.1239 12 0 0.222384 5.26765 
ED 357 1512.81 2289.02 2.7337 12 0 0.222384 5.26765 
ED 358 234.116 2176.62 20.2683 12 0 0.222384 5.26765 
ED 359 315.431 1315 18.0336 12 0 0.222384 5.26765 
ED 360 1649.53 -443.446 9.81007 12 0 0.222384 5.26765 
ED 361 1626.37 1538.24 1.49071 12 0 0.222384 5.26765 
ED 362 1525.64 -1364.57 20.6941 12 0 0.222384 5.26765 
ED 363 -664.292 1785.71 14.0309 12 0 0.222384 5.26765 
ED 364 -367.511 -1972.68 17.449 12 0 0.222384 5.26765 
ED 365 -1094.82 -803.197 18.7144 7 5 0.0183865 5.47164 
ED 366 733.891 1275.85 4.92135 12 0 0.222384 5.26765 
ED 367 1410.01 -1192.31 25.4429 11 1 0.116244 5.37378 
ED 368 -148.091 -765.488 8.71006 12 0 0.222384 5.26765 
ED 369 1751.31 392.641 22.3116 12 0 0.222384 5.26765 
ED 370 -1792.64 679.531 37.2025 12 0 0.222384 5.26765 
ED 371 1446.9 31.302 8.36917 12 0 0.222384 5.26765 
ED 372 -1445.93 1459.38 15.0599 12 0 0.222384 5.26765 
ED 373 728.621 -533.891 9.59136 12 0 0.222384 5.26765 
ED 374 836.627 -1017.59 39.1174 7 5 0.0183865 5.47164 
ED 375 -591.126 -625.277 2.51584 12 0 0.222384 5.26765 
ED 376 355.82 -1970.89 30.4273 12 0 0.222384 5.26765 
ED 377 -1098.43 2149.58 20.5537 12 0 0.222384 5.26765 
ED 378 -1593.55 571.337 11.8963 12 0 0.222384 5.26765 
ED 379 1918.61 -831.474 19.047 12 0 0.222384 5.26765 
ED 380 -1268.59 -166.576 34.8834 12 0 0.222384 5.26765 
ED 381 -1277.87 886.534 8.28587 12 0 0.222384 5.26765 
ED 382 237.03 -946.541 39.0311 7 5 0.0183865 5.47164 
ED 383 -872.748 -1681.43 11.5435 12 0 0.222384 5.26765 
ED 384 -99.7827 -1356.07 3.78294 12 0 0.222384 5.26765 
ED 385 634.969 865.67 18.1444 12 0 0.222384 5.26765 
ED 386 -1568.97 1438.86 28.7092 12 0 0.222384 5.26765 
ED 387 -997.461 194.041 5.82402 12 0 0.222384 5.26765 
ED 388 500.203 -1627.66 11.0064 12 0 0.222384 5.26765 
ED 389 1146.58 -558.067 39.9443 7 5 0.0183865 5.47164 
ED 390 8.39359 -537.969 6.67599 12 0 0.222384 5.26765 
ED 391 -1449.36 -528.658 22.8879 12 0 0.222384 5.26765 
ED 392 948.105 -704.907 38.0351 7 5 0.0183865 5.47164 
ED 393 1218.19 768.578 18.5641 12 0 0.222384 5.26765 
ED 394 101.783 460.864 24.0137 12 0 0.222384 5.26765 
ED 395 925.61 804.702 5.95399 12 0 0.222384 5.26765 
ED 396 -1155.82 -1507.24 6.43172 12 0 0.222384 5.26765 
ED 397 -380.685 729.363 26.6576 12 0 0.222384 5.26765 
ED 398 -779.836 -381.019 1.32757 12 0 0.222384 5.26765 
ED 399 707.808 2087.22 26.2011 12 0 0.222384 5.26765 
ED 400 -1698.42 2261.26 26.7534 12 0 0.222384 5.26765 
ED 401 1847.03 -1561.15 35.17 10 2 0.0631744 5.42685 
ED 402 -1088 1391.11 27.2972 12 0 0.222384 5.26765 
ED 403 -1762.87 -815.769 23.6701 12 0 0.222384 5.26765 
ED 404 228.902 1264.66 10.519 12 0 0.222384 5.26765 
ED 405 1531.2 -212.95 38.3802 7 5 0.0183865 5.47164 
ED 406 828.084 196.315 37.2627 11 1 0.116244 5.37378 
ED 407 -1953.57 549.557 35.4176 12 0 0.222384 5.26765 
ED 408 1612.83 -1917.33 8.39323 12 0 0.222384 5.26765 
ED 409 -1359.78 -354.476 12.215 12 0 0.222384 5.26765 
ED 410 -361.946 1695.4 20.7591 12 0 0.222384 5.26765 
ED 411 -1278.17 739.02 9.7913 12 0 0.222384 5.26765 
ED 412 631.074 1094.77 7.96254 12 0 0.222384 5.26765 
ED 413 810.177 -90.6017 20.2158 12 0 0.222384 5.26765 
ED 414 -1962.25 -1609.34 4.9212 12 0 0.222384 5.26765 
ED 415 1244.28 437.203 30.8817 12 0 0.222384 5.26765 
ED 416 -978.721 -625.084 35.7195 7 5 0.0183865 5.47164 
ED 417 -450.854 -0.245892 33.9515 12 0 0.222384 5.26765 
ED 418 -761.803 2004.64 0.532952 12 0 0.222384 5.26765 
ED 419 1249.55 319.617 1.0363 12 0 0.222384 5.26765 
ED 420 -1958.6 2372.27 25.5012 12 0 0.222384 5.26765 
ED 421 1021.53 -177.28 8.10182 12 0 0.222384 5.26765 
ED 422 -962.753 1283.73 29.1753 12 0 0.222384 5.26765 
ED 423 1342.12 1976.04 35.5825 12 0 0.222384 5.26765 
ED 424 547.45 425.512 29.4455 12 0 0.222384 5.26765 
ED 425 -1584.8 -830.866 1.74157 12 0 0.222384 5.26765 
ED 426 -1896.48 544.49 6.07228 12 0 0.222384 5.26765 
ED 427 157.634 1026.04 18.5574 7 5 0.0183865 5.47164 
ED 428 -1446.04 839.17 7.89971 12 0 0.222384 5.26765 
ED 429 1315.81 1527.39 31.1206 12 0 0.222384 5.26765 
ED 430 1440.82 1236.73 27.8115 12 0 0.222384 5.26765 
ED 431 1421.71 1929.33 11.3615 12 0 0.222384 5.26765 
ED 432 -860.228 1572.54 16.3778 12 0 0.222384 5.26765 
ED 433 1834.01 -1713.3 32.7576 12 0 0.222384 5.26765 
ED 434 1649.63 987.153 20.9397 12 0 0.222384 5.26765 
ED 435 1532.42 -21.0066 25.9823 12 0 0.222384 5.26765 
ED 436 550.573 681.982 35.9595 9 3 0.0399358 5.45009 
ED 437 1626.04 264.612 19.7425 12 0 0.222384 5.26765 
ED 438 -1753.47 1609.91 23.219 12 0 0.222384 5.26765 
ED 439 -595.708 -1803.05 32.3583 9 3 0.0399358 5.45009 
ED 440 1258.76 1268.54 7.8546 12 0 0.222384 5.26765 
ED 441 -1988.77 1977.28 7.14198 12 0 0.222384 5.26765 
ED 442 218.806 -827.22 19.895 12 0 0.222384 5.26765 
ED 443 1045.32 1933.37 31.7445 12 0 0.222384 5.26765 
ED 444 -1397.04 1757.47 26.5954 12 0 0.222384 5.26765 
ED 445 1525.02 300.042 29.231 10 2 0.0631744 5.42685 
ED 446 -253.282 -834.258 30.8486 11 1 0.116244 5.37378 
ED 447 -1047.32 -1683.82 19.3227 12 0 0.222384 5.26765 
ED 448 -1144.85 2134.46 32.8661 11 1 0.116244 5.37378 
ED 449 801.808 1937.79 13.2563 12 0 0.222384 5.26765 
ED 450 612.558 108.444 38.4165 8 4 0.0266683 5.46336 
ED 451 -1741.65 884.89 38.4911 12 0 0.222384 5.26765 
ED 452 1924.35 -638.789 23.841 12 0 0.222384 5.26765 
ED 453 -1597.04 -1633.94 6.57039 12 0 0.222384 5.26765 
ED 454 335.683 1708.89 7.22411 12 0 0.222384 5.26765 
ED 455 855.316 487.102 30.4089 12 0 0.222384 5.26765 
ED 456 955.782 -1378.44 6.36736 12 0 0.222384 5.26765 
ED 457 1220.34 532.863 22.1852 12 0 0.222384 5.26765 
ED 458 901.671 -523.789 33.5274 10 2 0.0631744 5.42685 
ED 459 812.015 -272.148 1.57766 12 0 0.222384 5.26765 
ED 460 451.694 543.302 21.6421 12 0 0.222384 5.26765 
ED 461 -1070.54 -1227.93 33.9286 7 5 0.0183865 5.47164 
ED 462 -753.709 297.735 15.6569 12 0 0.222384 5.26765 
ED 463 -759.894 2138.03 18.7471 12 0 0.222384 5.26765 
ED 464 310.063 2304.23 13.5988 12 0 0.222384 5.26765 
ED 465 530.357 1021.84 16.3918 12 0 0.222384 5.26765 
ED 466 -890.339 -657.812 28.6142 12 0 0.222384 5.26765 
ED 467 -1188.78 274.624 20.4307 12 0 0.222384 5.26765 
ED 468 -486.723 2216.26 24.0562 12 0 0.222384 5.26765 
ED 469 6.5745 1571.72 1.38421 12 0 0.222384 5.26765 
ED 470 1831.39 1128.67 10.9922 12 0 0.222384 5.26765 
ED 471 -1578.24 -284.554 36.6009 12 0 0.222384 5.26765 
ED 472 1723.85 -1355.9 11.1209 12 0 0.222384 5.26765 
ED 473 1710.24 -1578.16 18.6489 12 0 0.222384 5.26765 
ED 474 -1192.38 2459.12 18.1081 12 0 0.222384 5.26765 
ED 475 -1086.26 284.693 35.7667 10 2 0.0631744 5.42685 
ED 476 857.259 -1358.49 38.7453 7 5 0.0183865 5.47164 
ED 477 910.782 -351.327 14.0129 12 0 0.222384 5.26765 
ED 478 -683.394 2097.62 31.27 12 0 0.222384 5.26765 
ED 479 -573.482 979.96 39.7051 7 5 0.0183865 5.47164 
ED 480 211.068 56.6679 35.4739 12 0 0.222384 5.26765 
ED 481 -62.3889 -1115.24 26.5251 12 0 0.222384 5.26765 
ED 482 832.365 2166.76 25.0814 12 0 0.222384 5.26765 
ED 483 1441.99 995.766 22.657 12 0 0.222384 5.26765 
ED 484 1544.61 474.935 12.3592 12 0 0.222384 5.26765 
ED 485 -240.081 1267.27 2.44416 12 0 0.222384 5.26765 
ED 486 1425.04 -232.831 7.05547 12 0 0.222384 5.26765 
ED 487 -157.453 -1280.06 19.0909 12 0 0.222384 5.26765 
ED 488 356.721 2401.92 20.4124 12 0 0.222384 5.26765 
ED 489 -1966.56 1323.03 36.0589 12 0 0.222384 5.26765 
ED 490 1806.68 -1853.23 31.2551 12 0 0.222384 5.26765 
ED 491 -546.094 -434.533 2.50214 12 0 0.222384 5.26765 
ED 492 626.954 2.79032 7.80202 12 0 0.222384 5.26765 
ED 493 -389.253 -1124.62 12.8389 12 0 0.222384 5.26765 
ED 494 -1486.26 67.2669 17.8352 12 0 0.222384 5.26765 
ED 495 118.26 -1198.15 1.83558 12 0 0.222384 5.26765 
ED 496 -1272 1421.78 20.0201 12 0 0.222384 5.26765 
ED 497 -1588.95 -1406.44 38.0184 9 3 0.0399358 5.45009 
ED 498 1442.57 -1986.26 1.47764 12 0 0.222384 5.26765 
ED 499 1552.63 -999.564 27.1278 12 0 0.222384 5.26765 
ED 500 1131.59 765.565 35.5804 8 4 0.0266683 5.46336 
ED 501 433.582 -218.83 13.7502 12 0 0.222384 5.26765 
ED 502 -278.122 -362.199 34.9208 8 4 0.0266683 5.46336 
ED 503 1758.14 2127.92 20.7946 12 0 0.222384 5.26765 
ED 504 -66.1336 -169.286 10.8707 12 0 0.222384 5.26765 
ED 505 -1970.78 -729.76 33.9264 12 0 0.222384 5.26765 
ED 506 1347.76 203.017 34.8061 12 0 0.222384 5.26765 
ED 507 -1771.83 2079.17 29.4427 12 0 0.222384 5.26765 
ED 508 1644 -1018.89 4.50806 12 0 0.222384 5.26765 
ED 509 -1670.58 824.91 11.8763 12 0 0.222384 5.26765 
ED 510 1637.69 -1493.1 0.373552 12 0 0.222384 5.26765 
ED 511 -957.873 2096.9 17.2862 12 0 0.222384 5.26765 
ED 512 325.164 279.492 33.2871 12 0 0.222384 5.26765 
ED 513 114.069 688.154 1.49534 12 0 0.222384 5.26765 
ED 514 313.104 208.526 35.7858 9 3 0.0399358 5.45009 
ED 515 1722.76 869.37 37.0619 12 0 0.222384 5.26765 
ED 516 -450.009 579.14 20.0833 12 0 0.222384 5.26765 
ED 517 -360.145 1582.17 6.76936 12 0 0.222384 5.26765 
ED 518 924.834 1306.74 30.7751 12 0 0.222384 5.26765 
ED 519 -253.439 183.393 0.664423 12 0 0.222384 5.26765 
ED 520 -1176.1 -411.471 2.90413 12 0 0.222384 5.26765 
ED 521 1200.9 -1885.77 21.7645 12 0 0.222384 5.26765 
ED 522 938.366 1937.51 29.8669 12 0 0.222384 5.26765 
ED 523 -1252.11 -1105.13 23.3089 12 0 0.222384 5.26765 
ED 524 356.078 -1003.71 33.5067 12 0 0.222384 5.26765 
ED 525 -459.047 763.318 2.45932 12 0 0.222384 5.26765 
ED 526 -663.442 -29.6639 11.6267 12 0 0.222384 5.26765 
ED 527 1554.02 562.245 32.9928 12 0 0.222384 5.26765 
ED 528 344.75 -1635.4 20.4019 12 0 0.222384 5.26765 
ED 529 1825 -1907.87 6.05628 12 0 0.222384 5.26765 
ED 530 -650.255 390.772 14.5769 12 0 0.222384 5.26765 
ED 531 -1877.16 963.658 10.5093 12 0 0.222384 5.26765 
ED 532 -1748.28 35.9839 13.2253 12 0 0.222384 5.26765 
ED 533 -1846.1 -242.928 33.2668 12 0 0.222384 5.26765 
ED 534 922.92 -1666.12 33.77 12 0 0.222384 5.26765 
ED 535 -1697.33 -250.307 19.9147 12 0 0.222384 5.26765 
ED 536 -744.251 -1326.08 13.9749 12 0 0.222384 5.26765 
ED 537 -952.374 1027.8 37.6762 12 0 0.222384 5.26765 
ED 538 1754.71 -304.004 12.5016 12 0 0.222384 5.26765 
ED 539 -1466.87 -169.948 33.4475 8 4 0.0266683 5.46336 
ED 540 -1860.55 -100.369 17.6992 12 0 0.222384 5.26765 
ED 541 -1543.62 -1894.81 8.00103 12 0 0.222384 5.26765 
ED 542 1224.58 -855.816 34.3431 8 4 0.0266683 5.46336 
ED 543 -1087.02 -673.561 29.2544 7 5 0.0183865 5.47164 
ED 544 1250.58 -1656.54 17.0701 12 0 0.222384 5.26765 
ED 545 951.949 -1108.95 8.14398 7 5 0.0183865 5.47164 
ED 546 -595.946 2406.86 24.1422 12 0 0.222384 5.26765 
ED 547 -1779.58 1924.49 14.0739 12 0 0.222384 5.26765 
ED 548 746.74 1420.32 14.3217 12 0 0.222384 5.26765 
ED 549 -349.371 -1680.65 11.0755 12 0 0.222384 5.26765 
ED 550 1914.4 240.545 6.65256 12 0 0.222384 5.26765 
ED 551 -1567.81 -1057.8 39.3981 7 5 0.0183865 5.47164 
ED 552 22.0039 -255.109 32.9176 12 0 0.222384 5.26765 
ED 553 -1087.76 -372.784 4.43596 12 0 0.222384 5.26765 
ED 554 -87.9875 -1757.53 20.545 12 0 0.222384 5.26765 
ED 555 1740.59 250.095 17.429 12 0 0.222384 5.26765 
ED 556 -195.017 2148.64 36.2496 8 4 0.0266683 5.46336 
ED 557 -1979.71 124.161 18.6851 12 0 0.222384 5.26765 
ED 558 719.365 -106.049 29.5805 12 0 0.222384 5.26765 
ED 559 -796.147 -829.34 11.2327 10 2 0.0631744 5.42685 
ED 560 -1589.1 867.096 28.5111 12 0 0.222384 5.26765 
ED 561 -1550.04 1865.86 24.0214 12 0 0.222384 5.26765 
ED 562 318.546 1786.93 0.830574 12 0 0.222384 5.26765 
ED 563 1227.18 1555.58 13.3187 12 0 0.222384 5.26765 
ED 564 -1049.12 673.435 5.01279 12 0 0.222384 5.26765 
ED 565 1827.95 1590.28 6.00298 12 0 0.222384 5.26765 
ED 566 -995.231 -1542.12 26.4621 12 0 0.222384 5.26765 
ED 567 -1961.29 1517.21 27.4884 12 0 0.222384 5.26765 
ED 568 229.92 -1272.7 22.9719 12 0 0.222384 5.26765 
ED 569 1305.29 -420.564 30.4734 12 0 0.222384 5.26765 
ED 570 -182.654 1531.46 25.2525 12 0 0.222384 5.26765 
ED 571 5.72318 1820.22 36.2855 8 4 0.0266683 5.46336 
ED 572 159.007 -1798.99 1.44883 12 0 0.222384 5.26765 
ED 573 1427.04 -727.104 37.2713 7 5 0.0183865 5.47164 
ED 574 -740.192 -96.5025 17.4084 12 0 0.222384 5.26765 
ED 575 1543.52 -675.693 29.9467 8 4 0.0266683 5.46336 
ED 576 -246.821 304.887 33.8471 12 0 0.222384 5.26765 
ED 577 1847 2029.69 12.1454 12 0 0.222384 5.26765 
ED 578 9.15479 -152.245 5.62923 12 0 0.222384 5.26765 
ED 579 -651.748 1430.34 26.6948 12 0 0.222384 5.26765 
ED 580 132.197 867.411 2.88374 7 5 0.0183865 5.47164 
ED 581 -151.581 -89.4137 18.5675 12 0 0.222384 5.26765 
ED 582 1043.66 -1256.3 32.3671 7 5 0.0183865 5.47164 
ED 583 953.043 1564.48 15.6189 12 0 0.222384 5.26765 
ED 584 -1451.18 1685.64 35.6664 12 0 0.222384 5.26765 
ED 585 824.392 -828.941 21.0028 12 0 0.222384 5.26765 
ED 586 -369.196 1105.95 39.0371 7 5 0.0183865 5.47164 
ED 587 -1996.95 1404.82 17.2258 12 0 0.222384 5.26765 
ED 588 905.272 -85.0506 7.12145 12 0 0.222384 5.26765 
ED 589 5.35615 2275.66 2.89659 12 0 0.222384 5.26765 
ED 590 -665.527 -1921.37 32.7137 9 3 0.0399358 5.45009 
ED 591 -1768.47 -348.327 23.6161 12 0 0.222384 5.26765 
ED 592 -1545.43 202.96 4.28319 12 0 0.222384 5.26765 
ED 593 904.351 608.337 37.2967 8 4 0.0266683 5.46336 
ED 594 -689.671 2280.1 5.4303 12 0 0.222384 5.26765 
ED 595 -492.708 -871.598 27.5904 12 0 0.222384 5.26765 
ED 596 -1199.87 -918.082 19.5627 12 0 0.222384 5.26765 
ED 597 1718.89 -920.355 16.5409 12 0 0.222384 5.26765 
ED 598 -1063.21 -1325.34 0.319602 12 0 0.222384 5.26765 
ED 599 1902.99 -1482.54 30.7508 12 0 0.222384 5.26765 
ED 600 -580.026 -1885.4 17.1049 12 0 0.222384 5.26765 
ED 601 1609.22 1395.84 17.7625 12 0 0.222384 5.26765 
ED 602 606.207 -1615.73 23.8326 12 0 0.222384 5.26765 
ED 603 -467.793 -985.889 24.3514 12 0 0.222384 5.26765 
ED 604 852.174 -1608.84 7.30644 12 0 0.222384 5.26765 
ED 605 -1992.06 -1352.9 20.1588 12 0 0.222384 5.26765 
ED 606 104.444 -956.535 26.373 12 0 0.222384 5.26765 
ED 607 -1292.88 2311.12 39.5895 7 5 0.0183865 5.47164 
ED 608 412.938 -1238.23 18.8292 12 0 0.222384 5.26765 
ED 609 -647.581 -1263.78 15.4751 12 0 0.222384 5.26765 
ED 610 710.698 318.183 0.977013 12 0 0.222384 5.26765 
ED 611 908.532 2225.92 26.6618 12 0 0.222384 5.26765 
ED 612 1645.43 -1763.74 19.5543 12 0 0.222384 5.26765 
ED 613 1422 1840.62 9.84511 12 0 0.222384 5.26765 
ED 614 -155.239 734.324 25.9846 12 0 0.222384 5.26765 
ED 615 512.967 1236.33 1.14292 12 0 0.222384 5.26765 
ED 616 -1096.72 1110.92 13.6982 12 0 0.222384 5.26765 
ED 617 1836.36 -505.251 9.59312 12 0 0.222384 5.26765 
ED 618 157.401 543.309 33.3563 7 5 0.0183865 5.47164 
ED 619 -666.407 2450.37 5.76435 12 0 0.222384 5.26765 
ED 620 -278.108 2170.11 23.6828 12 0 0.222384 5.26765 
ED 621 1211.72 -964.211 8.83062 8 4 0.0266683 5.46336 
ED 622 -1240.45 264.562 29.6006 12 0 0.222384 5.26765 
ED 623 1657.43 1707.75 24.5607 12 0 0.222384 5.26765 
ED 624 -1691.73 1414.94 18.1777 12 0 0.222384 5.26765 
ED 625 435.233 1955.71 18.6652 12 0 0.222384 5.26765 
ED 626 509.003 -1203.04 37.7505 7 5 0.0183865 5.47164 
ED 627 -555.506 -162.859 12.4363 12 0 0.222384 5.26765 
ED 628 1042.58 -1883.91 23.4677 12 0 0.222384 5.26765 
ED 629 -1584.86 2117.46 37.7129 12 0 0.222384 5.26765 
ED 630 -897.786 1928.24 11.3428 12 0 0.222384 5.26765 
ED 631 -1047.32 -1136.57 13.2161 7 5 0.0183865 5.47164 
ED 632 -1043.7 995.049 7.48799 12 0 0.222384 5.26765 
ED 633 29.6599 -1800.13 6.49894 12 0 0.222384 5.26765 
ED 634 950.464 477.389 6.38356 12 0 0.222384 5.26765 
ED 635 -478.707 469.713 22.1746 12 0 0.222384 5.26765 
ED 636 -960.858 1871.86 15.8658 12 0 0.222384 5.26765 
ED 637 -1490.68 -639.195 7.89082 12 0 0.222384 5.26765 
ED 638 -271.159 -1786.86 4.87149 12 0 0.222384 5.26765 
ED 639 1949.81 2010.71 24.6305 12 0 0.222384 5.26765 
ED 640 -1784.89 -662.195 7.70091 12 0 0.222384 5.26765 
ED 641 -1284.54 2010.39 37.4295 11 1 0.116244 5.37378 
ED 642 -876.463 -773.292 33.3949 7 5 0.0183865 5.47164 
ED 643 -778.773 1886.79 1.21307 12 0 0.222384 5.26765 
ED 644 -554.939 -1211.37 5.88628 12 0 0.222384 5.26765 
ED 645 231.2 1025.05 23.1012 12 0 0.222384 5.26765 
ED 646 -1797.32 -302.879 5.75119 12 0 0.222384 5.26765 
ED 647 1343.46 1326.23 17.3777 12 0 0.222384 5.26765 
ED 648 1447.86 -1794.54 5.10633 12 0 0.222384 5.26765 
ED 649 -489.758 -1937.1 26.7008 12 0 0.222384 5.26765 
ED 650 1715.04 -869.11 0.945265 12 0 0.222384 5.26765 
ED 651 -1877.9 -1566.58 32.1914 12 0 0.222384 5.26765 
ED 652 712.998 -1502.51 36.7532 7 5 0.0183865 5.47164 
ED 653 -1055.48 433.085 18.2438 12 0 0.222384 5.26765 
ED 654 427.351 121.654 23.9711 12 0 0.222384 5.26765 
ED 655 -871.657 2.40685 9.88793 12 0 0.222384 5.26765 
ED 656 -1953.62 841.233 29.42 12 0 0.222384 5.26765 
ED 657 -143.359 852.571 33.5685 7 5 0.0183865 5.47164 
ED 658 -972.387 713.818 19.4371 12 0 0.222384 5.26765 
ED 659 128.405 -378.858 25.5399 12 0 0.222384 5.26765 
ED 660 -297.391 777.855 30.444 9 3 0.0399358 5.45009 
ED 661 -658.094 -72.4459 15.4252 12 0 0.222384 5.26765 
ED 662 -696.632 817.118 4.73526 12 0 0.222384 5.26765 
ED 663 442.444 1042.09 22.1479 7 5 0.0183865 5.47164 
ED 664 741.467 2298.32 0.510579 12 0 0.222384 5.26765 
ED 665 -384.786 1952.62 32.6762 12 0 0.222384 5.26765 
ED 666 -897.723 -1956.29 12.5398 12 0 0.222384 5.26765 
ED 667 1553.12 168.11 13.7913 12 0 0.222384 5.26765 
ED 668 -1463.76 400.03 30.3443 12 0 0.222384 5.26765 
ED 669 -784.393 2269.2 37.6249 12 0 0.222384 5.26765 
ED 670 1933.08 679.666 9.035 12 0 0.222384 5.26765 
ED 671 -1581.38 940.931 4.25981 12 0 0.222384 5.26765 
ED 672 531.668 -515.009 38.2064 10 2 0.0631744 5.42685 
ED 673 541.592 1150.97 36.4622 7 5 0.0183865 5.47164 
ED 674 -1883.7 1232.37 9.29358 12 0 0.222384 5.26765 
ED 675 -557.869 -1565.91 29.1973 12 0 0.222384 5.26765 
ED 676 1550.47 2436.97 14.9449 12 0 0.222384 5.26765 
ED 677 520.7 -1562.91 35.9992 7 5 0.0183865 5.47164 
ED 678 740.755 -825.99 35.6313 7 5 0.0183865 5.47164 
ED 679 803.687 1136.06 7.40864 12 0 0.222384 5.26765 
ED 680 -168.479 -439.251 26.9686 12 0 0.222384 5.26765 
ED 681 -1748.9 1441.22 12.3489 12 0 0.222384 5.26765 
ED 682 1445.8 395.026 38.8365 7 5 0.0183865 5.47164 
ED 683 1441.88 -1138.54 12.7872 12 0 0.222384 5.26765 
ED 684 127.683 -737.611 9.88329 12 0 0.222384 5.26765 
ED 685 -158.802 1164.15 35.4681 7 5 0.0183865 5.47164 
ED 686 940.225 2358.15 10.4425 12 0 0.222384 5.26765 
ED 687 1000.64 1316.87 4.12706 12 0 0.222384 5.26765 
ED 688 552.724 -1332.4 22.9802 12 0 0.222384 5.26765 
ED 689 42.512 974.453 9.8271 7 5 0.0183865 5.47164 
ED 690 1106.69 298.982 27.0474 12 0 0.222384 5.26765 
ED 691 1655.63 1327.55 11.7728 12 0 0.222384 5.26765 
ED 692 -260.455 -1385.77 26.9243 12 0 0.222384 5.26765 
ED 693 1741.47 -1997.54 14.0459 12 0 0.222384 5.26765 
ED 694 331.141 -1098.91 39.0051 7 5 0.0183865 5.47164 
ED 695 826.628 612.204 33.9612 12 0 0.222384 5.26765 
ED 696 -1240.9 1564.75 20.0919 12 0 0.222384 5.26765 
ED 697 3.36218 250.983 30.0328 12 0 0.222384 5.26765 
ED 698 1003.02 904.283 5.72243 12 0 0.222384 5.26765 
ED 699 -291.5 31.7503 26.643 12 0 0.222384 5.26765 
GW 700 -4.47408 999.561 30 
GW 701 996.268 -994.808 30 
GW 702 -1006.26 -992.205 30 
